 11.46 030004600000000109805700000640090000080670005000000000000002010060010000000000208
     ? 000400009600009002000700000070051000006000070300000908000600000004010000800030605
     ? 000020090008001306700400000007000801000600000000090040520000000000003060000800403
  8.56 000000089600100000000702000000050004000390260084000000009000100500620000000003600
  8.93 100020000008000000700009000009000008040600037003100000004050180000003005600000400
 11.91 600000009000010203070800000390000070000500000406000000902007000080006030000020100
  8.37 000005060300000400040900000104000302000001000000060900098000050001200000200037000
     ? 030000000850010000000003010000080000007004003400000205910020000006000030000900047
  8.76 050700000000000061100004003008003900000100070062000000000000000090060400006020507
  9.95 000300500900005801000000002001040009006001000000000030003000070500010004490080000
     ? 020065009600000400008100000070000004001090000005206008000000120000500000900000600
  7.89 000010000900035760080000200000200000000006070362400000001000600005090430000000000
 10.93 000000089004700300200000504090080000000004206000070005000000000060050030082000100
     ? 000000004090700000700060000600234000000005901003000000000040080000003200860010070
  9.78 000060090004010020675000000000002030060000000200007000080020605010000004000409000
  8.82 000004500930700000000009040090040100800000056000057020000020000010000900700000003
     ? 003400000000050800000003020000010005940080300800200060000004000200000001000630500
  8.26 002004000000000050010002300700000000504600000000801900000530700060900000007000208
     ? 035004790000000050000803000600002900000007800000040003000600002900000000086500000
  8.48 100308000000000020000409058907030000000080000060000040000500100870000000029000070
  8.57 056000090000700001002000050009034600070005000000100000600000000043070205000800000
     ? 000407000006000180000000020200300005350700400008000060000004090000098000070000500
 10.01 000460000600900000008000500200000304000090008030076000006000127000000090070008000
  9.10 000400070050080000000020016300800000076004250000000000005000000000007093081900000
  4.79 010005000079006000000000020100090000050020006000403905000007000020000087063000000
 10.64 600000870050019000000000004000602090700000003008001000090000050067400000000030100
  8.51 810000700000602500000000020100000406000020030050003000700080000000050000060000194
 10.19 000005008600000004490000200000000760002004001001070030000600000210000000009030005
 14.95 000205000004000000070000460000600390180000700900001000010003008000400032090000000
  7.87 800014000020000000069000000007002000090060003000045000050036002000090007600000400
  8.47 805200006000070300060003000000080001300000040000900700947000080000000000000001039
     ? 150008007000500300700000600000230000023005000000100000300060000017000005000800400
     ? 030200800000060000070000004000002300006090000905001020000007050048000000000038100
     ? 000360000900005000005000400080000390040001000000057000000409075062000080000000010
  8.22 003020000400091800500000000060300007000080002000045009070000000600950000000600500
  7.69 000000070804009000009000560100080000000500000002370000423000008000056000090000100
  8.09 014030005000000000000708600000900000009005800000000001500003020000020049600040700
  9.98 800040009000000010645000000000008000060701000700000500407000003001200087000050000
  6.15 000000078650080004000000000060001000000300200830070050000040007001007003902000000
  8.18 800004070000609000000500041100080000000007005302000600094000000000400060000020030
 11.84 020060900007000400008700000930000060000000082040200000300049100000000090000038000
 10.42 001005000850907000009000460005600700010000003000000090020003008000700900000009000
  8.35 000040000050060021200000500400000700010500080020300490000010008007000000305000000
     ? 000000065020000000090103000602000007040700300008200000710000200000050700030000008
  8.60 012000000000800400005009830400000006000700000000003512700000200000030007008050000
     ? 000000060070009005805006003000000000520070000600840000200030700000900500040000090
  7.73 000200075000509010000000000050000600003000800100062400789050006001700000000000000
  7.32 003020005000000000090600000005010080040000059000240000000003296200000030701000000
 11.95 003400580000000000090000060000800030510000200004006000000003100060000090800710005
 10.20 800000000300006040005070008003090001400020000000000705000800000000004680007600090
  8.05 050004890000000050007020000800003940509100000006070000000007000002000008000060007
 10.08 830004000400090000700000200040080000000000390000940000006000082000003060002601000
  9.27 000300700004000000005209000500040007060000000090807430000003000310500080000000200
  8.09 003400000000920401008000006900000000000000702000006008040000007016002090000003040
     ? 000060080000900000408000702300000970065300000000000004080000100000045090001002000
 14.03 100300000030000000005290000009000500000031400000807000000000070002076080460000010
     ? 020000700000005008075009002001000000400030000000807090000210600300000900050008000
     ? 000030070000008200900000000057900060000170000100000000090403006030000500002000780
  7.86 000400000020000070590063000000309024000780000600000100040000006000090000070002500
 10.32 003000902904000000000025000800003000000106000502009060018000000000000430000040500
 11.09 000020900000003100507800000700000050000006403801000000010004206040000000000030008
  7.99 020000000657000000000012300070000004000000068300270000540608000000000890000700000
  9.15 180000000000003000090060003005000600230780000000040000000004200004502030070000008
  9.77 000060008050000000400020010060000472080390000004000000900000100200010090000002040
  8.74 603000002004008000000900060090000041700006000010070800000800000070000400000302500
     ? 030006480070000000005700003000000000109003005000041020000500710000900000603000000
  9.12 000300070000000041040000008701008060000020000900000710000000203000104000500600090
  7.13 600700002900005100007600050009050000000000003012079000000301600000000000000008500
  8.82 000400005000000000097031000000300480210080009000005000051004000000090730002000000
     ? 020305000000000060000200030090000801000931700400000020000400000001000900700086000
  9.12 100005400900070500070200000000040009400031000092000006000000005700000000000006210
  8.44 100000050050008030000002001902000370001090000000070400004000000200000800070003600
  7.11 100000960020050000000030080760000800050000009008200003800004000000092001009000000
  7.46 010000976070000005000080000004500002008020060000060000000109000050030000720000004
  8.45 000300000098000000000806501000000600003600004005097000020400000010000000000510403
     ? 100060000000000432090002700004000000000390001300000080000680000702000800000700600
  9.06 020407000000020000090100060000800200000000501500006000060003000010000803000009045
  7.99 000010004020000000760054300000002600003100000008005010000070180100000060500000000
  7.58 000400908007020010090000000230000000070000206000006000904605000000000003012000040
  8.57 000000906009002000040017000001000002006700000007060015000000203200050000050030000
  9.28 000400050600920400008000700040000009000000206800070000085009000004500003000000600
  8.62 000050000400000050590103000000000065000700000001200080000030200000004701062001000
  8.24 800200090000000006000030001010300000050067000000900200590400000000020067070050000
 10.98 030000840000000005800720000004000370000000400390800000240000010000900000100007008
  9.28 008000000000000060600400020500002809040000000000850100091080005003000000000594000
  8.38 000240070800009000209050000040600000060000301005070800010020050000000900300000000
  9.76 020000000000908000400000306000050000500000781009206000305080000000000090000703600
  7.55 003400009020800000000000004765300000000700000000000160308000000600020030070001500
 11.71 030200009050000200009005004000080000020000060006071005000400000107000030008000007
  7.44 000050000070020050810400000600000003000070400003801900540000700000069000000000090
  7.84 800007005000040002005000300700080200600005000000060000008000006130600040009000080
  8.56 000400670000000000000108000000000050940000010801200007050070290060090000000003008
  9.40 000000040408570000000800001000200700920000000000007508600002000000400005015000003
  8.29 050000002004060801007040000708000000000100095000009003400000600201500400000000000
  7.26 000208000004000001000056003700680000100000020000070095000403600040000000028000000
  7.46 000007900650000000408020000039001700000004000800000500000500020004600003002030000
     ? 006000000008506012000008000800200050017000000000090630240003000000800200000000400
  9.62 800340000300052000600000010023090700000700000100400008000000250090000000000600004
     ? 008000700900200060000000300013000090006900050000807000001003600050010000400000200
  9.67 810006500000000800000007000004090002006001400000400900000804200053000007007000000
 11.09 100407000007000002000500030370000000002390001000000000500600100040020800080000005
  9.09 005000000000800603709000001046300070000000000080900200000050000200000000500021039
     ? 830010090000070000009000800500000000208000305000940070046003000000000560000020000
 10.58 800000070001030600709000000500300000900000005000040020007090100000800000050001430
 10.63 004000005300008010900006007060080000009170004050300000000740000030000500000000080
  8.09 000408009607020030000500006032000004000000700900006000004000120000005800009000000
  9.33 100060500007000008008000010000801060005004000000006900080000120000700000002900005
  7.30 008305009000000000670000800000000308006000000090007102010000005000120000049000003
 10.89 030208000000000001000005080005000010000090003006070200000010608107000000568000000
  7.99 000040500370000002000009010120000000000700045080060000000610000400050007006000090
 11.76 020000740900008000000000030000640800500001020000000001000009605700020000040006010
  8.46 800007090000009402020000300003080000060105000007060000040003000030000500000500080
     ? 000007005006800000020000000531004000000000800407000900748003000060000000000601003
  7.37 000700804020000000100000060000050000000006050300400000008500009000002430009830007
  8.34 000001890020060000080000003000200000009000040005070100000800029000005000036040007
 10.92 003001090004008000100000200000000000705000302000409005070005600060000008000030010
     ? 000050600400000000007801000005309000041000000009005010050000090004000030300600008
  8.70 000000079650003000000500001004050002000090000030006410809000000000100003002000600
  7.66 020400000600000280000507000906000030001000700000070008040080007000005090009000600
  8.26 902100000070080050000030000080000003000600100000001600004000000120009500000300098
  8.12 050009000000001300702000000000030700000000904000107630307060000000400005620000000
     ? 100000000000020500670004030000000000700001400003850000012000005000000080009506003
  9.02 100000500000000480090025300200001004000094000500000000340500000010600890000000000
  6.94 010340000000000000605000012700000400008020005000000708160900000090100000200000004
     ? 000000965000000000020018000030900007000000830000060000000000126083000040400001700
  7.25 100060000004000020600080000700002030806000740000050000009403005000000980400000000
  6.38 000050000400000080090630000070310650004700000000000000001000000005024001030900008
  7.84 800000960070400000000008030060000300200100004509062070000090020031000000000000000
  6.28 000000000000500100080690000700200060300080005010079300005000000000000408009302000
  9.84 810000900300000208005006000200980000000105000007000050000500100003000040000090003
     ? 100000900400100000090630000000000070209000005000045080000000200965004000030000008
  7.75 000000009607000001400005030279000000010000700000006008504080000000040090000100600
  9.14 600008000004060210000035000700000094000000760000300000020403008000000002500009000
  6.86 000050000400300005800000020000200073090000000050041000040000006100780000360000008
  8.73 003000060000107850090000400005000080340006000000200009008004000000000031600900000
  8.11 000008070650900000400000062004051000006000000300000980000600027000040000030020000
     ? 600701000900000000000000052800053900005080000030000100710000020000000438009000000
  9.94 010030900300009200005000000000980050260000004040300000090000000080006040000000083
 10.07 000060000600000304090000200004800970000090500005000030000005000001002000780003040
  9.45 020008000000020300400000061306000000000094010000070008000045007060000000270000600
  9.07 003000900006000000097000820600010005000080300000005000800004096200000001000903000
  6.61 005000000020008050000034010090000000300067000018900000050600002100000000006001400
     ? 000030905070009200020800000060000370003100004000002000008050000007000049000400000
     ? 028000000000705800000004000500600000740930020001000000000400670002000004000500010
  9.17 000460000007020008000500006900000002002304500000000900039000100060002003000080000
 10.17 000020800400700000030000906000000090010085000000000300060002000007000065081900070
  8.08 000009400030000001605000000501600008000000042000050090000098070000503900800000000
  9.12 108000007904000001000000000000040000200900500060007020000000600050210980000070003
 10.32 020008000600100204090700000004001002000000500985000000000600007060502000000000040
  9.99 020060000004025000000000300710000090006901042000800000000000005302070000007000010
  8.88 000000700004000006009000003005600000700090000000300024100020008080407000090005040
     ? 810000000000002400000070008000500046000020005007003000000610200004005000503000090
     ? 000300000408000020000069000800200000070600900205000004000003189003700000000000400
     ? 050001800900500000007000000000000000000006043006079002408300600002000000000800510
     ? 000200090000030016200005080100600500060004300090001000000000600410000000000920000
  7.42 020060009050000082400005000000001006000090000080070500900000027706040003000000000
     ? 103008700050000002000700000309001004000000506000000000005603000240000800000900040
  7.06 000340700400000000000000500080000006010085000003100004070006109000000060200900003
     ? 000000057406008000000000003000090041000070000200000600300000000020700030500016208
  8.60 100000759000000000008500000000001000002090006000070438500600020070045000800000000
  8.34 930000007000508020010000600600200000000670000000000905040009000000080030700010200
  8.49 000000000070050460045009000000000001000720000080060520091007003503000000000200000
  6.97 010006000300050000000870002000590000084000006000060000090000050500004000008200104
  7.83 010340000000000068000000002000098040050000000007060500090000200020005007006087000
  9.99 000000700800039001070000400300002500008090006000000000092400050000807030500000000
  6.62 003002067000001080097000010800300000204700000000040000000100290000008000002000500
  8.61 001000005004709003070000080000680004000000300000001009000020000560400000002050100
  8.26 000000090098010000000050014081030000000605300000000800007000000000409260500000003
  8.38 000000009050013200008700060000051000006004070000000008300600120000002000089000000
  9.57 006000090008010500000900040080030000000005300040000820205400100000809060000000000
  9.62 003400009050010080008000000000050000700004000009000031080600107000002003200009000
  8.44 100008009007000002008500000300001060005000070900006000080009100006740000000000005
  7.87 020460009057000000008020000200001900000000000040070008000005100061000000700030040
  8.59 000030000070000200000041008052000600008000000000060007500400020060700009001000083
  8.51 006002090000700000700000004000200007040080001503000600000006080810003005000900000
  6.21 002040000300000008000907001000500700000020040090460000400619000000000087006000000
  7.80 900000007076500000000300040080000003040000000500801900000002000600010500050006008
 10.53 800207005006000000900000008030980000000000230400000097700040006000003000002001000
  7.00 003720000020030000000000060000000900500086200000409005040300000061000008000000507
  9.01 000040000000700300000100080007682010026500000000000004400000600005000032900020000
  8.89 010000900000850000020040000000000031030070204009060000000000000063000040001500083
  8.73 000000907406008000000100020000009000000086400070040300004001006900500030000000008
  8.19 000100007006900000800020400000000041000000002200040005090030700001080000047000090
  9.39 601000700000007000000000084300680000000094000002000500900010008040005032000000040
  7.18 010030650006000000920000000007900000000005062100002800008040100700000009000000003
     ? 600040700000000000009000080400680000010000023500000409040013000080005030000000007
  7.48 000009004001006000000000050006080700052100000000000306090050100200003000078000009
  9.01 000060009057000081000000300000050000000304200910000000009000000500700800700100640
  7.52 000040700000030000209005000905600400003000000400070000020410600000000932000800000
  7.75 000000070020000090060004000004300010050060300000900000007090002003028500000700400
  9.21 000200005800000016070000003100000070780500000400300009000000600000710000026009000
  8.32 000400700607002010090510000072000004000300500009000000000000020060000090200080005
  8.40 000068050000002400090000002000000030500304000900070001045000020200700003000100000
  7.64 630008000000030001000100000003002004700090300000001800900000050400005002060800000
     ? 080000600400190000007030010060000400000706000300000000000000090209000031000003508
  9.60 003050000006090000000003104000000805000706000060240000300000096008000030070100000
  8.24 100060050600000000000500302030001000000094010805000900009000007002000803000020000
 10.26 000040000800000000009005003040600510100090070000300800003000000400006002000850100
  8.69 000000900000005000040072031007000010960000500000460000084010000500000607000000090
  8.43 000057600400000000090002000050310060210000000000000080800100000002060730000900500
     ? 183000009400003050000000000000000405000780000000200063010000090000004700002900040
     ? 000400000420000007007100300008000000350080900000000060800074090000000001600030040
  8.44 000060000007008004400000200000000302560004000830006000000900007000000800019700005
  8.09 108060000000700026000400000000002001000031008006000400000003075200000080060090000
     ? 000000890024000000007004006000000001095006000200009080700500020060010000000030500
  7.67 120009500004005000005008390000000700000000002003050100000200000000100084790000000
  5.28 600700094000805070000000000000003001200080000805000300400000600002000000098002500
  8.21 100007020000003100000000004075000060040700000900200800000508000600000030239000000
  5.26 600000004900005100087300200000000000730006005010000080000000009000000038000642000
  6.96 008060000930000002000400000010040708500900000000050001040203000000100980006000000
  6.90 006002090000500000700000040000230008901000000000007002007000000304010060000850003
 10.52 020400050000100009008000000370001900006000000000270080900000107000000003000087600
 11.18 000001890004000300007000000010000900090086000305400002000000020500610000000300007
  9.46 028300500930700000600000000090042000000901000000000030400000600001000004700500200
  9.75 000000629006001000090000304000010000000000903630005007005008000000090000000020540
  5.52 000000007030005061005000090000042000056001028009000000000000005010070000400090200
     ? 000400000050000030098000210004000002700390000000006380935000000000017000000020000
  7.82 000400000020030050590001000000009000000700002000205000801000090004060730060000008
  7.26 100000000050000904090000006204800070070090500000000000000900100000615000300020040
 13.04 000069000050000034000000201300000000010090500040070000006000007200005800900023000
  8.09 050000084000060000000900003000053000009000002802070001000010600700600400090000007
  7.75 150000000400000500000009600500230900010000004800007000000060000000070205009001070
  7.71 000407600020900070500600080000000050200000003031000000008000090005002001600003000
  7.65 010306000079000401005000000400000030000701006520000000100000000000009007008050100
     ? 000009005054100000270000000100000300000500801400070000000700050008060002000020040
  9.59 001040085004007090000000010900082000700000000065000000090000600000010030002005007
  7.66 030000000000000000270060014500000000006090020400300009000013050087000900000008007
 11.71 050700000020000006000090000008003090000006240000000000500040020006005008800302007
 10.82 006300000400700000000800510010004906920000700000000000000020009000008200080016000
  9.74 100005060000000002090007030069000000000090000300000018000060007500000803802010000
     ? 050300807400006000000000000000000001900605020004090000600020000000009005080000473
  7.59 000080009650000300000700000000850000001300500900000410860000007000040090300100000
  5.11 000000000400080021000700009043000000001600000000800600020000700060020530004010008
     ? 000200005804000090070000000010000400700504000060070000092000000000008030000005147
 11.10 000030000076050000900610400003000060080075000000002000500000020701000040000000083
  9.28 020000009000510000005000401800002000000900002003050000000080605700000080409700000
     ? 000007000426090000000000810000300605010000003008200000041008090050000000600000040
  9.30 000407960020001000500000800700000000305080000010000070070004000000900001600000508
 11.13 100000009007000000400600301000850070000000200080000000004009100060002003009708000
  6.81 083000060006001000007002004200000070000080100000005600000070200000960000000000548
  7.79 006300000490000020700000000000004018009005000200100006500000000040000200800060073
 12.31 003005000600900002000000301070000030012000000000006900040000007000100090081700600
 12.32 000209000006000910025700800200000307000105000000060000008500100060003040000000000
     ? 003400000050000082400607000200050006001300000080000000030000027006100000800000040
  9.38 000010074020006000069000000010002000000000003087940000600000102000400500008070000
  6.71 000000000300100002000900070207008010064000900080000000100070000000000680700605004
  9.96 020000760050020000000610500000050900001304000904000000060008020700000800000700000
  8.14 103000700000020408090000000000800304015000000800070000000060020500000890000009005
  7.70 100000060000000000000029400097000850002030700000800000000490000700003000800005013
  8.91 000200080000030000070000400005000300760004000008001000390000600000805002086000007
     ? 100400960006000100500002400000010000040700000800005610000000000000928000070000008
  7.29 002100005000000901005004060160090000000073040020000000000500006009000000700430000
  7.77 000485700050000001090000300004000200010390000000076000300000000000040090002000605
 10.63 000007480006000000010009000040000603000070001000801002300902006200000000000010090
  7.98 000004006900000000005000031701000000000900800040850000003000600060710080400500000
     ? 003000900420030070000800010000000020000006000609045003008170000900000000700000500
  6.98 000000906600100000000703000004800000070300502010000030009040000002610003000000040
  5.18 000000090008020030002500010600034000009000000000007600307000000010900000020806400
     ? 053001000000800000000004206806000000000006002001079000000500000005010030490000007
  9.45 000000006900010000005000031801000000007900800000007040480000070300060900000080003
  7.92 000005900600000430008760000200000004000090700000006500900500020000000090380007000
  6.12 100070590030006000000008000700000100000900040200807000000000000560120000089000003
  7.03 003407002006000000090001480000309050010006000700200009000800000000000701200000000
  8.12 080000000420000003000100060070000820900006000000040070350070000000904000009020008
  9.71 023400000000030080000000051000050000800000710010006008000048007206000003000000600
  7.13 035000000000500008760030010000000900054160000000000071000000000000400500602000430
 10.45 000007500000600000600100702000090070053020800100003000700800000020030000008000004
  6.89 000030000000000490920000010030900000602000000080000007700400006100003000009506080
  9.56 083000050006000000090000004000000000040780002000200069700004200000008030209003000
 10.66 000070000030000100600000038010002700067000000000800001300000005002060080000790003
  9.41 800050600000000000905007000000080000000005004040360001030009020002000500060000780
  6.49 100000076600000000000027000000001000000390000005000408049008000070100090802700000
  9.17 120000060000000000000489000300000800007000020009807300000010005002000900040500010
  7.36 053000000000018000000060040070050000540006200000000180008000009200090000006000017
     ? 010000500009850010040010070000000006080700000000003020700009003500000600200000004
  8.43 600040800800700093200005400090000000000000086000301000010000000500000002000900047
  9.22 000002050420907010000000000005300604010000000008200009000000006000800030009600500
     ? 003400070600000480000020000079000000000300000810000050000508100040100003200000600
     ? 601000000800706000000000400340000500000090700000001280090007050000008030020003000
 10.01 003000090020000000107005000000200084345000000800000006000807020070001000090000500
 10.35 020400000000000010098007300004850060000004700000200004300500000076000000000009005
 13.87 000000007006009000005000318007000065000100800040300000000400100000006500009020080
  9.69 000050600300000400020000300060900001000170000040300800050008000080700009001020000
     ? 100008000000000306002901000500030800040600002080000050304700009000000200000009000
     ? 008300000000086007070000100003040000000900706010007002040010000000000980060004000
  7.66 003007000050020084000000002900800006700000000000006900000040100200010000809030600
  5.34 100080060600020084090630000070001900080004700000000000800060020001000000030000000
  7.04 000300000070100420000980001130500000500000000000403009000010250400000000083000000
 11.62 000000091004608000000005000000203086070000000008000050005040020016090000800000500
  8.71 100087000050000000000000712000050006080000000014200008000900020700060090009000040
  8.90 000000009650120000408000700000000004700300000000006951506000020000040800030000000
 11.47 000209000020670000060000800000082910904000000300005000000400002040000007008000030
  9.39 000040960070000000000902000000008000930020500001060070000000200450010000087600000
  7.59 000080069057130000000005000204050000000090000000000008900000120500760003080000000
     ? 008070400030010750600000000010002030007900500000800006400009000000000000000504010
  8.56 800003000000000251000007000201900000000100060000060408009030000130000000050000780
  6.37 600020000000000700180090043000003080402006005005400100300000000000000400069000000
  7.84 830000000401006000000050020950080604000107008000000000300590100000000067000000000
  9.85 001040000004000090200000063000000000007004006960300020400930000000000000005820100
  8.65 100460000000000800000000060000010620004700009030045007000008000900000701002003000
  6.68 080002000006000010500030020000000007349080000000000060000104200200500700000600008
  8.29 100007009050003000008000001900050002000004750300000000000000000064005800280030000
  7.46 150008000000000030700006800000030050203000000800000040500000009010870200009001000
  7.71 100000009057010000400000300060050700000000016300200000036008000070000000000009045
  9.54 000203090070000050000016000001980002203000008000000400090500000008020000050000700
  7.32 000200040001700008000000003070300605003100000600005000007000100090020560000008000
     ? 006300020008001500000009000070004600003080001005000300007056080010900000000000000
  9.10 100075490030020000600000001000602030700000000009000040810090005000710000000000000
  7.58 050704000920000005000060040800200070000080000001000300030510009000000008096000000
  8.21 006000900008700000030500006000004610200000000000090500300002080000003000005800470
  8.94 800050000370000400000007000000900200000070034090300000000030006002008000049006700
  7.14 004200000000001052000007800002080000000000000000060914507030000080010500000009003
     ? 600250000800000000070046005000000003020090000005070004002003600040000900000008007
  6.74 650000000000000700000900342000053000002000050006070000000310609000000430800002000
  7.70 120000500000003000000600002000001004200090056000070980006509100074000000000000000
  8.81 805200000000000090060800001040000075090000000000905600000073000302000500008001000
 10.54 030060000000500020010004000000000007209000050000041060000000010007900004501700200
  6.75 100407000020000300007003680004300002000080009000005070000000200908050000000000040
  8.43 003000000000020000400000072700850000201000006000000908030060027006100000000009040
 10.76 053020001900000700000000200708000060002180000000409000800000009000002030040900000
     ? 003007900000001080507000000040009002302000050000000160008030000200500000000600040
 11.59 050000000000860003107000004010050000400080000200009100000000029070600000300900010
     ? 000407000600009080090000000004050000000300060080000009009000107500010003702008000
     ? 000724800904000050000000060800000000000186040000000002001500000205900000300000007
     ? 003000000050100084000600700000050070800000200901000000000040000004002003280700600
  6.29 003000000000000084090600000300801000000300560005070400080900120740000000000010000
  8.42 650000801900000000007030000000000970200006005000479000010340020000000030000008000
  9.37 000370490004060701600000000000000037006000000200800000091020000050000080007000003
 10.82 000001000400500370000800005100002700080000000306000020000000000008020060050600409
  8.77 000005400030000001070004000800002000000030007400000162000000005500010984000060000
  9.40 120400000050000000000630070000001709006300080900006000000000100040002003300000040
  8.81 000000000090000001730000640070034000000000002600097000200500089000413000001000000
  7.88 000000009004006000200030500010080090000004006905000004307020000006005000002000100
     ? 805000600000590003700030000040000001000007040000900020300000002000400500010708000
  9.67 050008907490000000000000006007230018200000000000100030000400000301070000000006400
  8.66 000400900600000080090500700004800070001090502000006000000000000000015090300700040
     ? 030000000006000100800020907700200000081070000000040302300500000000009004050006000
  8.60 000000965300800000040000700060090000000021040057003000000000003120000000008600004
  6.74 000060900400003080507020004000000002005700400010040000700500000000000031060100000
  8.51 800000000000006021045002000020000070000000809000403500900084000100000600003005000
  8.43 830000090000000700060000210500080900000060040007900000006790000042000060000500000
  9.94 003020001904000000000005000000000060400080790010400050800000600070001000060002500
  9.02 000160000006000000005000900040290300001003050009040070020089006000000530000000000
     ? 600000000000008305107000200040050800000100040002000003000000620000907000490000010
  9.71 100000708000500031002060500000034006300000000005090000040000000800003200000020070
  8.63 000340000000000030702800900610000800000005000000090040007400000009000265200006000
 10.04 000000000070056000600207000020000060000000438780000000000004200504010600000830000
 11.57 000087000000002000090000710000001009702004000000000038840000000006100003030020005
     ? 000300008000012030700000000500000600209005040000107000000000100043800000010900070
 10.12 030071090420000008000000000607300000300100800000005000000096000000000507006020400
  7.76 000300009004000000600020030000000091250900000400000060001000075000010000800064200
  8.16 000000009800000071209000005045600000000004800900000020310020600006005000000030000
  8.42 100370400000080026600000000000000307240901000090000000000098000000000080500000203
     ? 800300000009006000045070019000590001000000060000003000701004000000200600058000000
     ? 020006400034000060000200030507040000800001020093000006000010005700000000000008000
     ? 600004000900000750080000002000050090005180000002000000001507000000002038009000010
  8.21 010000900300000050020610004100080002000005008700300000500008000008020000000090700
  8.47 600000409004003000200018005017000000000094000500000800100020000000006032000000007
  8.24 050040700090001006002000000000200007004085000000000002500000180007000000600902003
  8.51 006300000090001500700800000000004800007000002003100000005070009000000060810502000
     ? 100309000000000001700008090907000500210000000000100840005002000040900060000000003
  8.09 030000004001600000000008050046000700000100003000900000053004002000800560170000000
  8.61 030200090000650008009000000100080000050000040000900020647000000000400500008000039
     ? 100000450930000000000000020000000508006900000000800130009100000050063000800004003
  7.26 030100000070520100000000960000090000040003000000000605008004000109000500004300008
     ? 000049700008000031000000000000200800010605040000007300007002000900000205600010000
  8.06 000057000000100700009000300005680000300000200006000000740003008010000000003025007
     ? 050000020090000000030801006000000807900005300000090000600403000007000065000002400
 12.51 000306009904000700070100000000000000060030000001800340002009000500000080040060200
     ? 050300000400000006000800090670000800000000030500097002000070180000000000901020400
  6.16 010200007006001000000740000002900600090000004400060801009500020003000040000000000
  9.67 000009506000000010040002000000500000960000300007060008000910050000030000723006000
  8.52 000006050000008726000090001001040000000030040090007000000100000302000980500000200
 11.17 003000080020000750100930000090200100400100000000070060008500000005000038000040000
  8.05 000006000000009000005007001000004070600100804008300900400000006100000000209500003
  9.48 000000000408002000000016900000004800010600007060000040020000089300008260000500000
  7.30 000000900400008000090003600608000005005700009000240000000000000002900730001600040
  9.38 030001000000090008700400300600302000002000040000045000000000102004000560008700000
  7.82 006300000090000001000508000500004807010600040000090030000020009043000005800000000
     ? 900000450000030002000704000000005040004000921003800000000000700008000030100006008
  9.28 000200004850900000009008310090000070100004080000070009000000600500040002020000000
  8.15 006300000000002500000000094007000016009085000064000002000400000000901060020000003
  8.13 600008100004000700100900000040003000009000005000070003370801000000000400000032010
  8.54 000040020008760000000000094600000057340085000000100000020000009070900000001500000
     ? 100006050030008700600000020000040000080930000402000006000200000010005900500400000
     ? 108070000000500000000090300800040507250001000000000090003000600000003004069000010
  9.57 030000004000690000000008020004000006000107900306005000090530100000000500082000000
  9.24 003000094900010000107600000060053700000000000010400200000007009000060008040002000
  7.28 080060002020001307000030010000000060000700400030005000004000090000020001070003008
  9.06 003400700650003000000007201000000070010090000000000304009000000204705000000000045
  8.78 000007002020900003000800010000009480000000000010000060708034200004000001900002000
     ? 100000050050000900090060230000800000001000060080200000006930007005000800002010000
     ? 108300000900100700000000000009002030200000000000057090083009005000000004500000210
  5.99 000009000007000084000560000040800000002390500910000000500000000000710000071002040
  8.03 002100000070000100000000063003205000000003809000000007050000010090006500000034200
 12.87 005001600021008070000000000000300900003060200600045000070000080090020500000000030
  7.26 020080700607000000400065000000000060000304000000200910080000027010000800030010000
  7.96 030068005406000001005000000000005080000000940329000000000000006008900500050030000
  8.50 000089000600000000400000200000001369000000500000070010000040007070010800901003040
  8.10 805000000400000703009050200600080040004100005000900000000004080000000060002706000
     ? 150000007000700000030060900009030000300005000000000604000000089047800005060050000
  6.48 000006390070000050020010000100080070000005002040300900003509000000000000459000000
 11.00 050000007000021000700000900600000090009005001004090630000060000010008005000900400
  8.15 000700004024000805000090000701000900500106000000000200010000600070005000006042000
     ? 000050090300000004025000000053000002690070000000002010400008000080600500000000703
     ? 005001090001608700009000800070000906080000300000005000003750000000400060100000000
  6.80 000168000470000003000000002700005040020600850009000000308000000001900500040000000
  8.71 003007050006900300090100004000310070000080020709000060800000000000004700000020000
  9.94 120000540000005060070090000090000000000000720003057000000400000700020000509008003
     ? 800000300076000000000043008700000000000005060509062070090000000000008500002001003
  7.19 008370500004000000070009000000002801000930002010000000003000075000000004090068000
     ? 010000300000000215900700000000904070002005000000360400437000000000000000000021080
  7.62 003507000000000014000003002000000270006000000080006409009000000700610000010030005
  8.05 100000000000280000605000300090040000002030050000807002300000600000000904007509000
