 10.20 000000490030090258000050000000602000070000983018000000200074001890000000000000040
     ? 000100030080090100005060007200800000500000700006700250001003005000004060790000000
  5.42 006004700090000150408000000100090000070006001000040000000002605350000009007830000
     ? 078050300600300004002008000000004500200000860030070000001900020000280010000000009
  8.47 600003000000090500004000200100400370408000900000800620083020000000300000020050007
     ? 000103000002000009000400070070806040060900025000000300090070000000095602005001000
  6.71 000200009006305000000000207008000000005400081000103600050001000470000308200900000
  8.92 030405009000107083700000000000089710000006000090200005040000000003900000507000060
  8.49 060027050000100007900000020300010000500800006001290300000000500010300040000000970
  8.24 009000000001078090870400005000030000093200060000150000204003800000000502000060000
 10.41 000000009035000400007040300120005000600029000000700600000000010906500004000310700
     ? 000205000000040000039008010200000009100000580070804000040900003780010005000006000
  9.36 000620708308000500000900000000080005090000132030000000000540800001000400480000010
  8.67 086000049000005300040000250100308060030600004007009000000001000004000902000080000
  8.41 154007000000000500070098002010000050009040006007100400090010070000000060008002000
     ? 000000800790060010301807200000000075209058030060000000000024000800000000050600000
 10.26 209004000060000000000060012005000004010090000890005700031000095000801400000007000
  9.26 800000000500367000001000004020040017000090603008600000000010506000900000089002000
  6.86 000154600005000000000800030100020000000300002960080000200600004001000567003090000
  8.52 490000000003004000008000200000070006500093000019000080006001407000905000000800061
 10.88 400000800001300006500009000300100000000000002080000405005081000002000740804070060
  5.33 000000500000000009070090040056010300000000004009800020010903000900200007008400062
  5.76 000010008001600720087000300005380000000079000000002040500040009400000000300000260
  9.88 000100900600030007009000004304020506000001080090000001030052000000006870000090000
  7.66 000350060009401000600020007400100000090800500000000010075040008830700002000000000
  8.14 000020000001006080000000100056000000200509000030008400300400201000800960009005008
 10.88 060310000009002400070800050090005040000200001000037000000050000304000800905000003
     ? 079000080000600500004030070040000090200006350001008004003000000008400030000010700
  8.56 001020009260000400000009000000004608104503070000800000030000050000002080075400000
  5.98 000000000070050406100000200400000908200500000068170500000080030950000000004360000
 10.66 070005000000000010003007628000160000100500800006004200094031000000000400020600000
  7.02 000030780200000004009800000000059030304017900700000000060200300000000010400900008
  8.89 200004000001000068070900040000087001059000000000130000506000900030000580080006000
  5.83 000043000050100000092000001000002950000600074008005012040000008760900000000000500
  7.38 070046008400000200009000006003001065090080000004930000300029100000010000050000000
  7.93 600000000000507300403000201005903800080001009000400000200000004017000000009080070
  8.22 009100030020000000003008270000050400046090720000000008000040805080706000000001000
 12.45 000026700069100000300004020100000000000003200620040001005901300000800009000000600
  6.26 970020800000000060000509000100003740000700205000000000250080000718600400000000300
  6.31 090100000000060200407000300000200090100000400030400005005800000069005004370000600
  7.56 030000080000034002200000003100000000007300658058000020004006000000500030600900700
  7.25 120000000049000003000500006000000008090700360016300000700000600000024900030060020
     ? 602000000008000014000010350020090070000004000904000000470000920000701800000043000
  4.79 000000870004109200007200000240000000000060000009007083063400000000098500001003000
  9.18 000000800000300000700060009000700056400000010061005000009042061010000400003900070
  7.94 010006809900008050000040030200000000007000008005039064050000600000070003000210000
  5.09 508020000006000010100007090000070050003280006000400700000000200040306000050000170
     ? 003004050001000600008076000300000907400100000000932005000000003900040000510000080
  9.17 000000580000209400500703006026005000000400001109000600000027090000000007603000000
  9.53 090000006000360047100000000009000000060080000035102000000000002004001060320470800
  9.47 002003000030000000000548600043806900060020300000007010000000002086000070000050030
  5.22 401230089000010030000000000000002000249000500800000760058000073010904000000000000
     ? 004200780090000600000600031008007000010409000005000310760000000003080020020000000
 10.47 070000000180500000000000034307008006000000000028006910500020300000001000001073050
  8.90 005060000000301605027000000000008000360000000070100080000400000010700003802030570
  7.79 050030090060007040700680000070000060000008000000070900009060100104002300000050800
  5.30 041000080050608004900010200008003905000000003600409000700005000000700000000060100
  7.62 007120000800409000003000064200001700000000080019034000000000000020040309408000000
  6.05 003100400050306000000087100000030004060000080000000002000950006001000047000040310
  7.87 008014000030600000000030010103000080070000000000920050000406100000000070460700509
  7.89 400030000020006900000590000003080000000021000090605201000700000004000000071004063
  8.78 000005080000300020509760000000010030003200000490600700107050000004000000000804900
  7.16 016003007000000002000009000059007400000062000047030000000000080400800509300050020
  8.86 001500700000006080002700000000210000100000060057000402000800030600002000094005007
     ? 000005809090000060507000000130900000000600703060010000900120006002070400010000000
     ? 170004080000006000002007000005020800060090010000001070000060000800000025950000103
     ? 940000000007900400000040130003070608020050000000800700800000000060300090000001250
 10.27 000206050040007200070500000301900400004010000000060801000000009002003000000070068
     ? 008000000900060070050000004035040002000000630000203000804600000000008010709000045
  9.51 008100400000000009037600000053000020000801506600090001900000050000060000006000710
 10.03 200100040000000100070009050005300008007050000340080002910800000000900026400000000
  6.71 007203040002400000001000000070000008009300700500820004390000001000050600000001070
  8.06 000007048000040005300096000160000000000800704000003020020000000503260009900000500
 10.62 200000008308200007000000400120000000000005000090306510050040900000650300080000070
     ? 800002030002006100000005004000030050500009003090800002060090010000000206400700000
     ? 500400000007000000040079000200198070080000000019000003000000054090620080000003700
  7.71 000103000209000080004680000400070009700002050000900010060040000003000090048700000
  8.38 000006000501000208000700003020080000196300000000000004050040970730010080000500000
  8.80 010000008060090100000035000003600004200000800500301000000080350000000400800072900
  9.69 000100609020007000705000403007080000009000012600009000000070090800000260000410000
     ? 000100690060070000070809530000007060000000020849000000000000805205003000000095000
  6.84 080400029001560040003000000000005060030090504000007000490030000000000805007000001
  7.58 106000000000046290004090300020000000000054001500070800000000020070080500060003700
     ? 905023008400000010003604007000908050020000000007001000800000000060000000300006140
     ? 001300000074000800000407025000070000000008260080050003000002000560900000030000670
  5.39 049010008000400000000003005070000000000786030030004900001900027000500010005040000
  9.23 200100000001267000700000003500430000009000007008000305600050200000900074000000090
  8.48 000000709900000050000080102100007000050301000400000003007900080006000000020540670
  9.56 600002000805009000001005069003000000020090010000001870060000000084000000000060527
     ? 000000005000500096000000100010000030000000800904218000400002009007600510052001000
     ? 600027005008000000007905000049001080000800060000070001400009010700000040000000507
  8.53 030000007000000200075098300103000000020700004060004008000600000010250090900000010
  5.21 000200000040000000760009000020007000100500002009080046000000004800001090070430805
  6.51 000000800000200050037010000026500030000009000000072410490000700000050608800000003
  8.36 090100060000047000200000005100050000030090002000002907800000006002300001704000500
     ? 300000600060098070100000000200800000504307000008020001000000000030060290000004506
  9.52 042050000003060000800700050000520040059030001170000000000800200000004109007000000
  8.54 002100800000502000043000000200300000000040060005060403010000029700000600000093005
     ? 018200070040090000000000053000007902004100000670800001300000000000000026081050000
  7.59 000500000008006009003700120020000070000079010580000000000000260960804000010000300
  8.73 069200000000000100007369050080070040230040001000008000000000600000000098072050000
  8.99 009000300030800201400600009050001700000070000073090008005000004000340500000000060
  8.51 000000070309050002000060040040000680000000019100032000570000020004701000000020001
  9.44 003010000000200058004000020070100000000300085500600004030507000000020900000061007
     ? 080000400000005190100007026200140700700200060000000040057000000009560000000000008
  8.04 000000804000100600300700000500030080060450900000008070000090008900000020025600100
     ? 005020000030006000000380006100090807000000420700400960060070000000005030040000008
  4.80 000100000020003100700500000006000500000080390090004000034602900010000030080700050
     ? 003000070006000500042008000000190700300050960000002000004000003728900000001020000
  6.88 008023000000000100000000075090001002100967000080000300001000890050090001000804000
  6.78 000100780300009050209050040000000008000000600003720000000040001700800302050007000
  6.85 000020000000405100300000407008000000005360701020010000000000200903040060700080900
     ? 000200000003040007000500310200080000007009030508700000000001006900074008042000000
     ? 000000609270090100400000200086014000000000003000006000002350000000900307013000800
  6.84 003000700700000054009800002000080970200000000000001503030620040000000006801900000
     ? 090003000500070000408000006020910000080200070000080000001300980907004510000000000
  6.57 000040600300007009800500001097006030008470000000000006000000802080300090000900070
     ? 005036008200070500007090001000700490000001000040800005002000060000050200900400000
  9.57 050000000200900005090030000007000400060050003000001027004000580000607000000245100
     ? 000005400010040080090007001003000097000370000206000503060900000000000040052006000
 10.02 305600400760000300000000100004000000070480000690100020003840000000005709000000008
  9.72 000043000000000407580000300017000000600000035009200001805000040900800000001902000
  9.31 516000000800090020000007040020514000007000090650000000400000076060070000000350000
  6.16 000103007001060008094000000100000500280000703000030400028000061070000000400800000
  7.21 080000640000028510100004020009000003200006000040000050000000400003000000800392070
  7.40 408000507000009000100600004000002001003000000090870326020900000000000710000080040
     ? 006020590000000000009000102300000080000403000028009060010700020500008007400001000
  8.75 608000400000092006030078000100000030000200800006000900053900000700060200000010007
  7.58 075000600002000070060090030100032008000000200080700000006005000000001004490080006
  5.62 000030000008605000006000057030000005200051009000300040700800100000700020900000306
  7.81 017300000405610200000080040500000000000000100000508002002030000800007000000950403
  6.71 000200670006000005000000004005010003020000000690400500040800009071900000000057020
  5.51 000010000020000003100009075010008000050320060804000000060001000000030009900040027
     ? 350000000008003005910080007170502004000000060020000000006040090800900100000000200
  6.90 000000050400008000508009020013004900009000000000020600000050700075030400001600500
  9.57 020040000057009100000060000060000080390400050008090020002500000000003000000020593
     ? 098000050001000900370690000000000800200000003000500710000003004060709000400001008
     ? 071020009009000000400300060000000083092010000000009600700600000000580000050002406
  7.43 004000009300000000000608120100000000070300000480010000000006870000802010095004300
  8.21 000010800093400050070000004100207008060300000009000000040900005080000600000030790
  6.58 007013000009040200500000004100000000302000000058070400006090007000025000040000083
  7.99 007005000015306700000900200100000003006002000790000800060000000030080006002400050
  9.47 090100080000003090000070003000004076000000500130090800020905000700060009006040000
  9.76 001000670580000000007080002000804500300000007078300000000041000450003090000000020
  5.72 008000070054290008000000020230000040000006201000003006400000000900000002000060185
     ? 068020500010000000000007023300000070150690800000000000000000604930080000025700000
     ? 009025080500060040070000300016050000207090000000600000000430000030000070080007050
     ? 040020000906007100002000007000600500009041700008000020000000080790506000030090000
  7.04 000000000030060000000007302270000043000400860500000000010620000004809100000570200
  8.12 000040700900006000810090002024500000000400600060000010600071005000000003700004090
  8.84 009004000670030000100000240000800930400000010036000000000010009010060708700003000
  7.52 209040000000290000100006300010300800003420000000000002040007050080510070000060000
  9.02 700000400200694000000000020000000700009512000003000600000080500047901000080020006
  4.99 090000050020470000006000020200000080000509000807160500600000000000700100004600903
  7.70 000046008780090000903500000100009000000000500060700030000082004000050900005000602
  8.29 060000000000300045905000003002009807500070000030050000000002600400008030800010900
  7.50 600030004000008005720000100000706000400000008309050010003000620000042000100600000
  5.66 000040009008090000070800005004305002000000048003070000006400000020000150001960000
     ? 030000008090085000700400002100003907004009800000701000000060000000000053042900000
     ? 900200004070360000510000000047000005000190800002000100000400090050600000080001600
  7.76 008000040009010000400060000000803500000000900971004000003500080600700002002000105
  7.95 800003090503060000001009040200000900000600005060004000005800003000306000104020000
     ? 006200790405090000000010080100000904000006800000070030040000500900831000800000000
  6.76 603000805002510000000000400008205000047060000090000020070080040000700100000000206
  7.22 009000600000050009300000002000040000000300001456000200604800910005000008700032000
  8.62 000005480120003000700000002000000050009002000070800001032740900600000000080300060
  5.80 000005600200040000030000201006000407509000000000900000040600970090800000060001085
     ? 000000560008710000000009201007000000900500010200030004001400030800020000070001080
  7.34 000052609400009000000068570000080000080007030009000004000000081052010000000030007
  8.70 630100090905400000070600400006300800002000001500000003800053000000080200000200000
  7.50 027000000900000017000096000100500900609007001000400000864000005000003000050002600
     ? 000205809003000070009006000010050008300040020000009006000000080050070400084000005
  7.83 060100500000200004000008300300000000015900068000024000700000000002000480054670000
  8.76 106000000090000000000780400310400080068000000000070020002050030700001200040002800
     ? 050023000009000230070800000000000100804000000090502000000304081001086000000000590
  9.60 000010605002000000049000000000009034006100000008003060001600200060900800070002050
  7.14 000320800020100070090000004051406000000080905700000002006002050500000001000005000
 12.13 008030009000640000000000105010000706070500004000490002902070000001006000004000080
  8.38 081003000006000000700000025035200004200040907000000000000600750000010400010730000
  7.38 000000098000306050000750030364000000007001000008000906030000000020009800900000102
  6.60 106400000000000230002095100050000800000700520003200004030000060700600000000001008
  6.07 058002000030000160000609000200007000005000000100060005006000530000000802070051400
  9.99 900005406300000005004070020130020090680000004090100600000006300000000008000900000
  9.42 780030000000100200050000104000000702800000009403020000040072000010900005300008000
  7.31 000200067008300000001080050600000070000500030090007106030000080950006000000950000
     ? 030005009009000740600800000100000004400030270000020010000041080087900000000000003
  8.48 020004809000000040900000000050700001080506000000010063040000750807000600009002000
     ? 000030080605000000080000192020003900040007001509400200000060370000000000001090000
  9.46 040100070800007009270009030020000806000705000000006001900060000003040000600000020
  7.60 000102000310000607400060000000000800190850020500600300000040050063008000000000080
  7.16 000200000708003000092500000060070000010860005005000003006040008800900000900000014
  8.61 000000094000006200500000000000320700390850001080000050600400079050000010200060000
  9.47 030000000006000100000700504040030000870025900005008000002050400008001030000000067
  7.55 703000000000030500080500000200010080040060020509000010007001008360000000000006102
  6.42 700040600900086020200000050059023000082010000100000000030004000000500700000030100
  8.00 000007009300060000005804100028000050000009007903015000010050070000023000000000060
     ? 002000009708002000000009500006510080000004007050900002300000700001230400000600000
     ? 800230500700000000000050027024000000000000804000400760001000003600900000070581000
  8.74 510300000000024000000089000000700006000002013380000000001000520009010008040600900
     ? 003010080020607000060000300000002004070008901000900500000004000800700630000000097
     ? 700200309000005000000000206210800000050060090800070400438000700000030000500007000
     ? 500060000000009000701000005040300000050406900600000001428007010000010090000050080
  7.50 000004000010000047094005000009120000058000030007080900400900500000000060702006000
  7.25 002005080090000006700000000100900603430500000060020900000062100084000000010000050
  8.08 000006709006100300580000000030604000057002003000000200200005070709000100000000400
  8.18 700020806809000000000090007000000900030050000000408710000000083607001400500900000
  6.88 009010057006000000140008000200054000000900403000000700000500006004700000701060200
  7.00 040020670003008509000400003000570800629000000500000900000300010080006000000001000
  6.95 000040007009160005250307004015000000700000060000000380000602000082000000000701000
  4.80 004010800500200307000600025020508000000002010000000004010007500030000070008000009
  8.19 020100009600005041000008050006000700001900400080540000010060000000000800903020000
  6.18 000030590309050100410000000007000860090045000000000000001008670830000400000002000
 11.15 002000079500070006070000051000501000090600002008900400010060000800034000400000000
  8.40 005000090009007000000000300100000008200190004007050000000300020300480700740600030
  9.84 060000000000207430000009100007000080500740000200000005700010000400002008810000640
  8.59 006005700000270005800000000003004006069053020000001400350800000001000000000000640
  5.80 000300000600200000008090020000000050097005000010007804000400071400000200805001060
     ? 600300700000080006701000040005230000900007008000000600002000305000605800000840000
  9.22 070002009038000007000080000109040000800000040000900001000006804007501300500000100
  8.16 004000060003010008000007001100000095000008006507003800300900000090520000005000004
  6.71 051000409098000020000608000020000000700020003086010000000970201400800000002000000
  7.29 600100000000200003089070400010000009000300000260540800040010005070000900000005200
  7.19 000000080000290000000006210103052000200000700000009405004500000860007900005080000
  6.36 400000700000090005200007009003005970080040350060001000004030000000902010000800000
  7.12 400035008030060000029000000006000009570900000000004020000300702000021050001000006
 10.01 800000000000600000007090600050063000100005900400000001000040390010029086043000000
  9.74 007000506000700000005000230000030005009500708000004000080306000000071400630020000
 10.17 009020008005008409000000030004030002500000000600007900000900003072000081060500000
  7.85 400000000007000056000009300009700000210300000048650000604000001180002000000500200
     ? 890203000010060000005000100100008900004030001000006000430090700507000004000800000
  8.05 009100070705000009000200000320001704006007000000000001000020900000080006560000023
  6.82 003100070400000008500000010007300040100080025000040800000090604000050000020060003
  6.35 003006090070500100800700000019000530600300802004000000000005000000610000040030900
  7.61 007000090900004000805009200000500600030060001700000402080000000000000038400051060
  7.96 001000000054600007600012000005000000030007000400080600900000570070400100800000049
  5.62 000060000090000150308070000000601000600005300075200000020940000000000004450000078
     ? 072000000050000194000090003004009000068500000000007032800000310019000800000030000
  8.85 050000076064809030000400000000000009000002015027600000970000000300075000000010200
  6.75 306000000000050010040709300407000900080000001100060050000000290003000000875030000
  9.03 800300000702400309000090005009000060050080000060100270000000090004800600000001800
 10.22 000000050100080000908036000020008090000000035000340200563900004000000720800000000
  7.44 006000098800200000070063004405007000000000036090500000000406200003000009002010000
  7.66 006300009800000300070080060010000000060001972000038000000010007030590000004000200
  5.97 980000000000708400000000002000043058065200007400060010000000300601005000020000700
  8.94 290300058800000300000405000004170060000000800008006000039000000700001080000000049
     ? 000003040009400000003000200000005009070106080050700010000500400002000376600000020
  9.05 530000000078006020200080300020800900000500000000001076000000000805900001001200500
  9.05 009000004008000500060000210300070060800000003000028000000003006002600040091005070
  7.73 307020009800000007000600500000056000009470010000000000000061400260000100000009028
  8.06 030007000000309054100060200004000805070040000080000060000090001000570006000002030
 12.42 007020000000500010002000590030010000000002080040900000000809624308000100000700300
  6.88 607000000050060000000000400200700090006000758000300000080017060002050001070002003
     ? 000050080070000040900780006009000800500004000000102507000300000003670000026000003
  9.88 000020700000007006504000000000080960005209080200001000060000100301008400008500000
  8.94 060000509000030048040008000000500000700000325080091000503410000000005600000000900
  5.34 000020008005000102301000400030571000000900200000080000090006010070004600083000000
  9.45 004000000706080090020076000009000570000000806000050001030400002010700000008010300
  7.46 021040009000020050085000030000091000100030500060000008740500060900000001000600000
 10.37 500006009000097208000000000600100000300004020800060501008009700002000010004800000
  7.76 100200060005000000490500007300080000008005000201070040020600035000401000000000200
     ? 050004600300000200000070000008302000500910400060000010000540002040000030003800006
 13.22 000000000000100098670000002000014800039280005400003000010030500000000400082700000
  6.34 700200000000076009001000005006103000090000604000064010000008300850090000400000020
  8.08 008030000700000054300000100200408090000007200007000000903000018000050000081004005
  8.97 004050098003200000080000120305000000001000730000706004002080000000000406740000000
  7.90 034000000007060000000589000000200008200000060050400003901000200080700005000000739
  8.23 057000400000400060010000070000050090008009014340060000200081000000000800060030500
  7.01 608003000100009006000400017500302000000060500040008900026000000000000005001000730
  6.92 000008056900002000106900040007000005000200000009004010020400600000001800600030007
  6.96 510030000090400200000000100000000030400000000080109007000008509020004000073002014
     ? 000000000039000100201004060000080007065009030700002000000010703000090004906005000
     ? 070000000008720000006050200035200000000000075400000010000901000020087060004000801
  6.15 800000000500609000602000304040205900000000600970000000005010007300080050000003008
  7.58 010230009060000000005000000000000058170093000000400000020760500901000207000810000
  8.60 001005080500000000090380000030600000000001470000000012000007000065402003400900060
  7.53 008000076002006000003070051046805900000240010000000000600010000007000003500000800
  7.68 000020300000804000050060940004003000000000000876000420027000000030001070600000850
  6.39 504000000000480100003600050050040003007000000060000810830000407000090000002001005
  7.20 100007000092000005003095000005000604700000001000280500004960000301000000000800200
  6.99 080000000050100020600800000010004098300009040000700100020060900000002060070305000
     ? 900100007000050910060000000007201000090800300005000700800030000700040060000900042
 13.68 080040000047010500050060010100400006200580000000000030060907000000000207000800900
  9.58 007302000080560002900000100400070006009200000000000500002007410000050090000900003
     ? 000020000003007280007060010090000000010000006700504001000403020000000300504900070
  5.68 000003090100007602740008000000000700480010200009530000057080000000000030906000000
  4.79 300020009070005010090000504100000906000000001000007042006901005000006800003000000
  5.99 000030070200000306008090000000006002080070030000000461003004600007200100010000009
  7.28 050010080300000409700500000006000005000000010000097203004605000002070001600800000
  9.77 002005007000076008730000020000004390007090000080060000020000080000030650400020000
     ? 000100090009000040680007020310040000700060000020080601000070302000090000000000750
     ? 903000500000000000000030042007000060002005910000604000000700250600090000800500407
     ? 005010800000080260400670003000000000060203090003004001000000900100800005800000700
  7.79 590200000200001003000000010046108007000000050000079000000000506000025300704060000
  9.39 000040078060570000000209000030000000000604050007010002005080013090300600000007000
  7.08 001230050800000007006000003100007600300001904009000008000000000090500706002900000
  9.60 006004709000000300000009200000050007100640000005091000310500000000008090840000050
     ? 400010080300000000070508000000700003000020760080900000700400000003000004206805900
 10.01 090120400300000000700084203106050000000000006000008300009000000004005007000400160
  5.78 400000000807019006000000035000100500000000067006980000061820000000000904000007020
  6.89 000000470040500800100009000201070060006000300000003040602800000300000050010640000
 11.37 008000000000300100009070040010000605000540302000906000030000907020010000065002000
  8.78 900100500010000006000600230050008020000290000038000004000005000803074000000002060
  5.41 080012000000000010201708040030000000078050900000160050000830090004000000060000003
  8.10 030006070000000000790480006050000300400500000060098010000000100000801002807000005
  8.44 300012000057000000900008000100000080000004000590130000000003007000726904003800000
  7.02 060170380000300010800000000000000008000020000000069420500403800030010002900000050
 10.55 009302070000008006080000000040000900100006000005000100706820000300000800090005014
  7.84 009000500000063040051700320500001000000080000070000000600005009000402010080000230
     ? 400020050003500100080000040710905800500400000209000400000800000000060300000000920
 11.57 904000008020560100006090200000002000270300000000005006605040009000000080030000004
  5.37 200000006800050000301000200000601000000082090509003001000420600000008007006000003
     ? 100506080050079000000000000218000070000000600000047900406000021030051000000000800
  8.61 000000700060080100000009004400000007300500600501007000032065000000004002005300090
     ? 700002060000000100090080000000020007008000000070965003001300946003090502000000000
     ? 008003040000700800701009050053040001000000006080500200000060900090000070300002000
     ? 028015000000209000004000300000700006080000000391008020000000857060081000000500000
  9.44 002000000060500180701608005000050900300000040000080027000900000500040006000001008
  6.25 802106070000090384003008002000800000009002000000000605007000020000513000001000000
  6.58 020300700000000020000780010205000103007004000831000000000001405070009000900060000
  8.42 000020080500080007700030050042005600080000000090300402000001000010090000000040903
  6.88 000040800780000010002070000000500000007000620020003070001000400503000009890610000
  5.97 000000500000070093000000100200000000850090026410800000000003781006040300001020000
     ? 000405800002000060400090200000000050109040002000008000623000085904000000000600090
  6.97 060000500000309000300080001407100000000003600000008200000040109700500064000076000
  5.66 904020006070000390000700000000800000008000023035000041000670000002090080000000650
 10.36 560000890090020000000080250009260000070000500003000001001940003830001000000000000
  8.00 005007068000400005010009000570210000000084300060300000006000007000000140800003000
  7.96 060010000000300000400000052700060490200800000008009000050000003003000810001250006
  6.58 000510060001208070500000000000000000708000001000600243030004600005000094007000020
  5.96 070010000000640280000780009018000000302100000000090500700003040650000070000000003
  8.26 000024009020050000080000602005006290600700000000000304000010000800400000000003451
     ? 020005000406000000000800030009008073035600000000020010000460000860000300051000007
  9.25 007000058000000003080300100035000000000000201800760030000001080720005060000006400
  8.97 000108000600300029100000080050010000000080000004006700006090007000704200900200500
  8.45 000100080000300406009700002200000000045210003000608000002000900000040810010007000
     ? 107000008950700006020040000008000900000430720000002000030905007000000010090006000
     ? 002000600050060007080002010000010003010003070094000000001000400006001000400900820
  9.14 010305007000004200500000000002050006030000000004000830007092040000000000053010089
  6.19 004050000000460100083000020100000600507000000000020083900340500000001000006007200
  9.39 000100406400700000000080090040001700030090002006005000000000043700250000200006900
  7.79 000013040200000000900000007020508900080000060006020010890000100400000230000304000
  8.43 200000009700080000000690100000006000006720000832059000001403000000005004000070008
     ? 000002040300008000408000020000060805007030004090000070000050006000001000275009001
 11.61 000605008090080000000009010100070004030000000500060900060840030009050000080000250
  6.97 008000090701040200200000006300106070000090080000500100000000050902370000007020000
 11.69 400010000000040007090500200000093070005200603000000009050000000703000002028900100
  6.64 020000600070000010000960008000000570010040003000600000080070040009000106430800009
  6.79 307100090000600000000050002000400000059010000076000810004000200900006050200080040
 10.26 000002700007000480050060002035008090004300000000000010020000003960001078000070000
  6.89 800000600300000007509480100004801000090000035000003000000000504003902000000006300
  7.83 000000080704000000600701020100003900000082061007000003000520000000900206090000300
  7.60 083000900000700200900008000200070005009000010300800006004000700700906030002000001
  7.38 301060800045000002000007400000000030004890000090050010009000000050400320710000000
  9.39 008130060009400000000000007026040805070020000000500300000003900030060000100000420
  5.15 500102070000000004000000000100030650030704010070000000402000000000200809803900006
  5.44 709000008000000036045007000190020040000300010070090000000800905012000000000000680
  8.29 905000600010005000000800100020004007081002300400000000630000400000040750800300000
  7.41 000100000305098007000006420000600003480007000000001002000740800050000010009000500
     ? 000004758000050000010600009300200000008000001700000040000907002280005000690000300
 10.64 030000009002000681000510200003000070000050040090103000004830007000000000081006000
  7.56 000030080800050000140007000507000900200060700000900420605010009000800000020400000
  8.45 700000596000090000090380000100000000400000750000620400000000079004050000072031000
 10.41 003006070005008006900030500000009000060071000000400031000500090001000000078000260
  9.60 030504700405000103000080000090400000000000062007000000800000020059300010340900000
     ? 000306500070000000005090102100407080087000000000280040040000000000000200000861009
  8.04 300000090590080020040000086005060700400007050000000409006970000001003000000000070
     ? 860007000007050003000000600000020010090080050085000304010000000703040100000000960
  9.23 000030000500000100010009008003000000000001000196400750800054009700060001000000203
  8.69 002000098000108000750000004400003080000090067003000000000650000027000000090030670
  9.66 500002000001090000700860002020008600040000050000020900000600708000700010030004090
  5.43 000003080810070000000060002050000400409206000003000000020500070000010000004980306
 12.94 005010080000000005601700000030002000400100720080000900003000067900050000008036000
  7.78 500210600080000009000009000268000030000000007090003081004600803000000040006020000
  8.27 300000007008000100007600405000305090000090000006720000700000050900401000500008001
  7.40 000006008000000000402900000000005300019000000060800001000000600000390024574021030
  7.26 060030000098007500000000043000000000400000027000059031700948000952000000000000600
  7.22 003006000000100005700000000240005003070060900001000400000013700906700002000000190
  7.74 007020000000060000930000004050000060010003800024000503000000009000016040800040207
  8.14 080320000409006008060000100701000030005010900000000020078900000600800007000000200
  9.29 500000609003700400007060250000800006000030040040600000300002000984050000060000000
  5.24 510006000600000300000030042308000090006480000270000001000508004002001000900000000
  9.53 000025300890000000000790000000400007970000000005000010000054270008000500012600030
  9.11 890020500020000000030000007200530900001008600000002800970080010000000003005001000
  6.92 300050700028090000000000308000007010015400060000000002800000000000701090437000200
  8.51 000005800908000000300400010040060000000003160170200900000000001090000523400800000
 10.93 000030000005860200900000015053700002006500000000001000090006000070300090800002007
     ? 000000009000300070000086200075029008001400005000007030090000600004950003800000000
 10.23 010200000000080000000000314200310000600000002009000050086400000004053020703000800
     ? 000300500007001020060000000130070800000106030000002009403800001000050200900000070
 12.96 003100009000030008000008005100020000600300070008056300005000090900700600002600000
  8.03 000128000000000260900000000002004750030005001080016000000750180600000000003000009
 10.20 000023009080000060000006040310040800000801000002060000000700450000000002060095070
     ? 030000089004000000700500003000006000580100400200840000000702095003090600000003000
  7.80 000000090000679000006180074000020007000450260003008000090700540000000000200090000
  7.45 000000800005009000000380500304000008050070090900500040630000000009000703002001400
  8.41 690000000800400130004009020103800006000000300000050072001000000040000580002003000
     ? 006050080790010502500000040200003600410000920000700000000000000040020000003006100
  9.03 000000000400050000900687030000206003040000000091003050010000000600400270800000064
  9.57 400003900000090100000600000027030000800200010000500080008061030010040060000800020
  6.16 008003000207400000600097004000051000000870000006000030000000400005000107900280006
  6.33 600004800930700000720000040050000000300000007000010020001390006000021000400000510
  8.46 000000409361000000002008000000902030030000000670504000100000640000040720080000010
  6.52 010004500370001009500070200000900070600000000000007003050800004060300000000092010
 10.98 000030047000008003250006000002000904100000000807093000001002000600000020500001060
  8.58 000000096039200080000000000023087000600000000500090003000035071401600000000010020
  6.48 700000600000026900430008100060000000010000540000270030000000000800050090940012000
  7.71 070040800000350400200000006003400970000620000005000080600070000350000000800000540
  6.22 050100003000060400203087010400201000000000900000000650100009007005000300006400000
 10.26 000024000030090000502008030050800910004000600000000000700405009000900000080700023
     ? 000000060000000180007010004500000000600870000000900403390000020020580000001400037
  7.43 003005000060003001070040000000006040400050097000008300030090105006000900020007000
  6.47 800000000300740008001050007007001080090000600420090000000300009003000000000908160
  7.44 090120060000050100600090000000000900100004076050080020000007000001900002000000418
  7.11 005300098900000601003870020000000800010504000200900000030080070000002006050000000
     ? 000016400040000090710080060000800900002000600000005000060052007075000030900008000
  8.81 000006000578300000102070400400900000000103020005000000900060010600001800020050000
     ? 000000900003078206070060000210006000000030507000700061700500003800900000000000050
  8.55 030105000000030820600000000000204000048090300050000900002700009060308000007000004
  8.11 900004087000020100000080005050300068000000502000960040641000000020040000000000300
  5.54 010060090000090000370800200000708000000130000403000020500000060001040805000000074
  8.27 063004000008000050000709000006000080010500002040060900300090800700000105000300070
  9.50 400030060000000005003079002000800000140007020059000000002000100000200589001004000
 10.17 080015007047008000060000002120050000000006030000090800600002000000401005030000600
     ? 000000000085060010040000370000000704030700800200008005006005000000900108090380000
  7.10 605000009030500010000040200002090307003080000000105000000000006006800035040000700
     ? 008100000300450009052000000100000000500000062000982000900007030000090700060300010
