 10.33 000005900530070000027000001000000070309000002000083040050001000403950000800300100
  8.62 000000007790008000065040000000400005000000624008203000020070030604000052001080000
  9.59 008000000000005000301000020600000800030800074080640010502000730000000006007410005
  8.52 050200000030000100006000004000000067000905000640071520000002006900003001400500700
FAILED 100008400000040007020600081000000000370000000590006012010023000000400000003900506
  7.29 000000090010040036004078005070000060009106200503000800000500010208000000030400000
 11.85 300000004000000075910080000160000040007004600083700900702003009000000000800090010
  6.99 000308000019002060700400002000067080006000024000030000002000903071000000600700050
FAILED 004100009720000050006789000010000060600020780085000020000000000070400000000030042
  7.81 061004008040080290000000000000300024800900000700020010010000000000502070500071300
  6.27 906000000000008700300500000014000650000000008003720000000805071509000400700300020
FAILED 705010000000008000980000030206000700000006080000049005001004090890000003007025000
  9.14 700000009100003600000006200000100764000300000000705001030027000950000000600051002
  9.97 004000600208090005000050007000070093000203500700400002000000740090031000050000001
  6.86 300002708017000000008006000000000000400920850000010004091000400040000072000705060
FAILED 005000000020890300000004100000009000089270000004000205070600903801000000000710002
  9.76 005040009008002405060700020600004070100000034890000000032000000000980300000070000
  6.94 008100060000009200302040510000080003000400000400076900030001008060000070070500000
  7.21 000000800030059104020700000250000000006040000008200900001070000960800040000020650
  9.67 002003000000000095003600000000061000010870402050402700000008200800300000600050010
  8.65 604023000103000050000005000000001000070030280008200600090500012000080000700006090
 10.50 008000000000090307096008000000006008325070000800005090003010000970000040080700001
 10.43 060002407030000000210009060100000500000710009040600800070000008500000090402008000
  7.81 000064000007000309503080100305000000060040000004052780000000060000030905000420000
  7.87 000002900000890030040000071000050000000008604000009020850060000300000452007200003
  7.43 020105009080000006100090045000400578000700000300000000000000802003006000970300004
  6.55 000200009070010000060003204050000090000000700003006480005000030900860000821500000
  5.63 049000080003007000000049010204000006008100007000302000050801000701000090000070002
  7.37 000006900071200403090080200230904080000000102000030000007008050015000020000000000
  5.94 000000630000230700801090000000004000004780100090000802000470060210000000070050090
  8.20 070200090208000500000608003000059008000010000005000400000400300782000005900021000
  8.50 080020370000300500005000000010000930000000005700603010000500020600480000054900100
  5.54 040005009290040070800070000000000006060000901008401000053000200000802750000006000
FAILED 000056700900170000085000104230000070000000000000610300000900500001063900060000003
  5.63 000004000000309060061000002000080000040000051309201000000600509006075000700900200
  7.90 900134000000000040000570009104700000006000000580060020038000010040000630000005700
  9.28 000020000008000400093007001506000900000010052200006700800000500761900000000008090
  8.97 700000500000801000800009030050600008090040300001003600003400000184000020006050000
  8.94 000050000030700605010000000006090008004080020008001700951000004407802090000000000
FAILED 040310000206000003500000000000030000360004000809007002000920007010040308000000025
 10.75 000100080079000300000800007050000900020050603000030001010500090400902000082040000
  7.02 009000000600000003001070200047023005080060000000050704400501600000900800700000010
  9.31 001304008803100009050000000000020000007069500000000020300000600000016083090007200
  6.75 000000009013000006809005040000827000380900100090040000000000000057000002600030054
  7.07 008013400700050000000800300000600000060030800090000205004000508500901600000700001
  4.77 500000080780040006000060230130700000060000050000001023400000005001800094090000000
FAILED 200400080000005000006000250100007004600804000008050003020900000000200078900060010
  5.54 900000005050600001006905000000000037008000000040098060500040100800700009004360000
  9.39 061240008000001009027000000000109000000008240000000030050020000300010000600054380
  8.01 008040000000039008000000102300700040106800000007050006000000000975003020040010007
  9.25 600000000103000007070908210000809004450000069000000000000004006008710000000306070
  5.70 700002009001050200000600100050030000000004070649200300000000068000900705500040000
  6.19 000003000200500080001000050000900000408000000600005903300000600750084100014009200
  8.06 190203007068000000000000001200700008501009700000000040000020000040800013700050020
  7.47 809100000402500108070000004090006400001000000000000063000018000000730000054900070
  9.42 709000000005060000000508000100006080000900010690400002000059300002000007000703056
  8.90 003005000000000010017000230048500000000018005205000060400006000300070006900400020
  6.22 008040000000160207300070100015000004000900000639800010053000060800000000000320000
  9.07 000000000560000310300407000200010630007000000000300048100080950090040000040002003
  5.71 700020508000000104000650000043001006006000830000009000025013070900000000000000602
FAILED 000200008050090000096000000040050000100700060089000003035004000062081900000000205
  8.62 067000489000009003500000000070000900002090060000628010000000007850210000010005000
  6.70 605000000000004060002000153300000000210087040080109000000940000006300007000002900
  7.50 100405000000070300000003200000000000003100408009352000800000036060700100000020590
  7.28 000023600900000004008190500000000000050004000842300900000005700004060000000701083
FAILED 503200070000000100002068003005000700000009000090003584000000002000430860100800000
FAILED 800003000510600009040000200000130960400002031070000000086900050100076000000000000
  9.56 000034000000900007150670000300200900009000006070006000200000035006409200000310000
FAILED 509000000300040095048700106000000000000694000000070840070802000650000300000000700
  7.45 000100000280000000409506010040000005005034000000000760062003009054000002000070300
  5.39 700100000000000000500460003030000900050020047060000100600900200048006305000070001
  6.39 020310000935000060040000000003000950000200800800004032000000080064001000000050097
  8.00 600040020090630000801000700020009503000001000000000908302006070004000000900203000
FAILED 060000000200000300070890206000000003020783500003000040000000050000401820500062000
  7.83 000240000803010005000009100106700000000000003000100420780020000000000040900481007
  6.44 700103000000000009003080200100340500060205000400000002000000000002000190500796008
  7.97 000004009060005000000800130005000090092007000000030812600402000907000000000980040
  5.92 070000008000090010910500003000000024000049000000021370000850000005003600090070100
  7.59 000000300730008004280000006060200900000061070000750100000010008000002000050800690
  7.69 100056089957004000000009000004000600000700002078400000000890000090000500600010020
FAILED 000004509010600030000208400060090000003700020020010000902000005800000700000400302
  8.19 010020087008100009307800000060070000200040800000000040000000005071006002000004360
  7.49 502000000000780060000000004000000003120600008000904500080062030910005400000001050
  8.06 700000000000304200800600100040000320000800000200005009021060000673080500000001007
  4.79 000040000400097203000800106046000050000001600290000008000706500900402000000000070
  6.11 007016000000300510098005020200000000600000000019007004000000300000540790040820000
  6.31 000050009500008304000290060000040008020010090700000000081000030307400200000500040
  8.03 002005006000000800400078000030010600805000010007200000051040000000060089070002300
  7.82 000400000010000005500090100029708040030009000706040800040002510000000700000034000
  6.15 410020000007000000060000094200000009003008010070905020004070800900810300020000000
  4.76 000400700000600030024700100000004009060200500500000002800056001370000080090001000
  6.23 000020009073006008000008000100080007000000580000050034080001200037400000509000300
  5.15 600003009000475000300000001120300000000610000040980500000006097050000046001000000
  7.66 000160008007000000010009250050000632000010000000900540036000000090400070000281000
  6.26 040002000000800000000704300470600031200000800639000000001500002000003070090001040
 10.36 501040800000000006030509024040092003000000001000010700820000000914006000000000200
  5.51 360005080900070400000006100000009000070010800830050000010000000206700001000340007
  5.95 020400070000003409600000002000900080060050200370002000000030064000000300500029800
FAILED 807004000200075100000009040005700000369040000000100600004000000000000752050000016
  4.77 000005009007120000360000400000030560601000040000409001000097000002600784000000000
  9.72 008000000021400070900600000000037805000050230070000040000580000890002000007009004
  6.51 000103860900000020200500100006080002049000008002006050400090000001040300000000007
  5.27 000000007502060018000098030040200600000740000200000001006003070050000900010480000
  9.01 000120000100050000000800200007000098030000001690004500080040050000300804020007006
FAILED 800004600230070090000600100000030000300006000000001050010048300042000006000502004
  6.18 026300700000080500090006230040900000039000001000107090005002000400000003000060008
  8.30 908002506000800000340500080004700002005000030000010000000001000012600907050080000
  9.16 000406900001000308000070200200000830000103000109000600090081000007600000050000094
  6.97 100000560000050000002000000000300700407010900090004020300040000600008047009700052
  7.52 080004090000603000200000840006020000300005900700100050000700400900000027501000008
FAILED 090010004020507000003000000100000000000003060409000020060800037004000250075000806
  5.32 008005609009700200043000000104060005000094010097000003000001060000000800000000074
  9.74 000010003060008400000097250000400000905000700080003000720000091040000060600500007
