  5.89 006004007050008239320000000004009050009300000075006003000005010000010004000700800
     ? 002300006500000080009078400020947060630050000000006700000000000901000000800400650
  8.82 900100046300000090020090070003000060000031080400800901000076004800000050060003000
  8.27 807003000000407200060809000002006005470000000500000328001000006350010000080200000
  8.28 800000500701060300460700000045000000000010030000008700912070000007600081000091000
     ? 016000000000590000005087000120400900308002060000000800002000170063004500500000008
     ? 000104000000070430083000107200300000060000005000040070070005092000000010630210500
     ? 000020000030000000402038006100080370608004000000010004000060700340000090000207053
  8.43 700100390820079000060000020040000005006802004003060009030090000005008000000030600
 10.95 000100060620540100003000200200370000000006007800000091500090000070001000001800042
  6.20 000040087700100000005009100030900000047000002000020810050800090000090030380700006
  8.95 500010600000009520070080000000760402000300700009004000000000003890001040320007100
 10.12 000216800100000006092400000004000007000000380000720050800040600905600010040900000
  8.68 000005009900070100703600500100500008200000300000003000000901280029000030005024000
  6.88 000203000900070040580060070100030000000000020040710308051004000000080000004000589
  4.78 400030080030700450090004200100600000000009810040500070600270900200008000700000000
  9.04 800000570000000003002070010000020000650800900090700008009007600083600000070094050
  6.06 000300000800200005000000060030007900090000020400060070001070036003894010074000090
  7.40 500004000010070008907600000003000000700016002060052010000000090002000405690280000
     ? 400023000060009005028070000000390070089000100300000000031002000200901780000000006
  9.91 016000900000190027200000004009300700307015000100004062003000090000000500000042000
  6.39 050000080070000600040080300200190004006003020300000701005002007060008000700401000
  8.74 000000700000049300001700005104000950020010008000007600070030090458000000900050006
     ? 000014000094200100087000060200000407000000000400090020930001500006500093700006000
  6.38 704010069000300000100008030310005000002609700406000002061030090000001000000000050
  7.15 004300780807060005000090200000700090620050010509030060000000000016900000400080000
  8.16 000010039206009007003000000010603000000000400078590100060800000700906000001000302
     ? 090340000080000500560079004200090050600700000000064007070000000000501402000400005
  4.74 060000308000450002807069040010200760000073900000000000000010000000700500400890030
  9.26 100006700003000200070009000010800050009030000650000004500003410800500076700000080
  8.12 300020000008037090001090503000000070070081400050400000000706009000002000504003200
  8.47 500030060900100040200600005030400700009000020000057010050000000091080004060002800
  7.91 600030507407009000050008002000900000010000000000067001020000006900806004801500030
     ? 800010005050009000260000100080200000305000000000030401000000009020700063603008702
  7.32 140006000008090400000000162051760908600001000004009000000000000000800000920074005
  9.34 300007860000000020080509000000070010610800700000006080020000000750400200491000007
  9.63 081000600000007048009000200002050006000000000000270583010009000000630000865002400
 10.26 014000089060080150070000000107600500000000000090508420050000630000402000000007040
     ? 000200409002080000500007010140000007000064000003002008900000020000000003261030590
  7.18 004000708300010006075000002200000940000100000010480000000047160000900083003050000
 10.18 000100005050000090000000240420090806508600000007000059080006000002504000000070901
  5.85 000000008200000350900600004400300000007050000003067000040000769000086005095020010
  6.41 000000040060009000000080310105000700030900020007000004010200076800310000500700901
     ? 000005309009000280504098600006010000030060700000000090070600400080009000002041000
  9.18 190003700460000000032000051350000090000009000200080100000060000000070280000028034
  7.38 024000006000000000610079000052400008000008514070000000900000301800690040000080050
  7.99 060102008090000003023800006000020790008000001000010200400080010706000000001054000
  5.83 009000000000058000000600300005983701060500800003740090400300050080027000002000000
  7.39 000010040900400000000500000100900064724000300000070001510092000060000508098000010
  6.14 002000079003072000000009031030400090400508006018000004000060000000000058007250000
     ? 000107000008000030600400007170002060020780400006000090000070020005304800300000006
  8.51 701030080000050000680000000007005000090800031030070900800010006900600400006000210
  6.65 016000007090100000004700306000000000360902508000000600040075000001800900670400000
  4.77 600040000005000006703000020000010007458200030900008060007000285000007000010300040
  6.21 000020000020700096708300004130800060009000000000641002002015000006000400800200000
  6.81 180030000060500000200079010007000063000400000010098200040000000030002907900000086
  5.08 000010000050267000340000070200300600083000001090008003000075000960000000401002900
  8.17 000000850000450203003600400020500900300014008009020010040000006060300100007000000
  6.00 200010508608000034004500207500003000301002000090080000700000600000041000000900001
  8.07 000020570020000060681079000700000000000400000098300740000002310060040000100080007
  8.47 090050700001408500007000004400080607000900800030000050500040000000200900000003416
  7.67 081000690000067080005000002020074050090800000003100004300600000070090020000003010
     ? 000000009002008003010793000000200000040300600300060012020600400508000001006070900
  6.68 902100000000203400560080000000300000370000002008000301000010800483050000001000720
 11.65 000040078050002060304000010107020080000930001000700000600050000090003040030010005
  7.76 504020030001008000000400000040260093720800500003001000900032010000900805000000000
  6.05 009000580001270300050000027200400800100090000000006000074000001005003240000008600
  8.09 607000009005406000000009208000005004040063010109000000300980100000600002070000030
  9.66 005210060000500009003400005000107050741000600000000200024009700000000000600730100
  9.22 050100006400600008006090200009070042007010000040008000000000600090240130070050000
  7.70 007000092010008307000290400000000000706403020000009704000060000140000030080050100
  6.76 000010000000009710005000000074080900100500047300400002500020060049006000060900003
  8.73 009006708607050000000009100000000930710500000390600000000027009080000402900000300
     ? 050000096900200100134000005000000600010620003080050007000503000700000000000080342
  4.75 006200080000410000930700500067000050410080000500003000004000030051900004008002000
  7.31 100004000007600083090800054000009000003000065809100000080500300020400000005000670
  8.84 040000000690070000701390000000000039000914000008003200010042000002000803009001070
  7.11 000123800071005030000000040000401600000000007087000521650200000900050000002800000
  7.06 430002700000309000000057100000004090070000010800000605000200070098000030703016000
  4.76 800030090200000007390400000000600070003004802080703500000000065000012000070090400
  8.17 000200009000000005420809600052008000000002506076003800040001000900500008000000490
  9.90 800004000300057400006000051000500004000090703900463000000008970005000000204000800
  5.65 000005968204100003000000010500090702040000000900631000010020009000904000600000040
     ? 070000490001009000500000160037900000400100008200060000600720300000001500050300002
     ? 050040800600089000300000001003026000500000740908000302034000000201600000000092000
  7.66 009000000100457000002000045000190800000000092040008007000000280010720004500000306
  5.16 001000500000071300705089602002060000000145000000000000010900080930700000080000430
  4.75 005000809000000000028700040007460000050000000060015020000030780900056100006002004
  5.46 003000607002001090800700000140009000006000000080120500000850042000006000705030008
     ? 406032007020000030000009006010008005030400600900000000600000080090064720001070000
     ? 062005000801200006070060010050000023300000070008020501000000000007803000500004009
  8.18 090020000100000040000080610207060000400000050050940000030590078000600002000704500
  8.29 000003490040000100900078060004090000308000000500201600000004508700910000001060000
  8.83 030007050000060090040320000004000871100006000280030000000900010000700608015003000
  4.99 004100030000050006002000001503270600080010509000800000000000000040000710000462980
  4.79 000000090170002050060408020400309067287010900000000000050000041000003000002900000
  7.03 007100400050000090000089307200000004000090001000030005042700000005360180860000000
  6.23 000100007730009240000020060300090001024000000800000000040000000902700034600908020
     ? 000000670090250004401700000007000890100009500008040000600010320500080000000402000
     ? 207050000000009030800030140003000096000010703000920008000005000040060050001072000
     ? 009004060000000300003007100000000800500160002602000730000070603060080010900500004
  6.85 607004000092080000005000020000050008300600710000003060020008470000000000056209300
  9.27 200100700070000000003080010000000000400207003807010500000000690000056200002304150
  7.19 000100408900000710002700060000000000870300020006500030003009050004600009207005000
  8.95 000000809750130004800700000000063590000500000000020380300004001401000600080005000
  7.75 004106000000000008065000010010400065009600001000090003003710000400800070690004000
  9.59 000100089000003000008690035130052000070000000000419000000000400060035700001900050
  7.45 000100070800090060020000040037050000000300201200000000060810500100009700090630004
  4.78 000102008700009004000005030300020060106000700020007500002030000009000400875010000
  4.80 700000009600480000091000040002695070050030006000000820010020094000008000000000730
  8.97 000306700009050000000008260010000300400005009090702006030000000800900472006800000
  7.09 030200800000006004006000050000004080608050200090100030050009020000720048700000009
  7.65 000004860400100007600000000000200000000000020005608701710006000900842070080030200
  8.94 800000760000200000750000000300095800102008006000400900000000001275900000001750008
  4.92 000000009130007200500800000300000060000700000207108500001500600895600040040900000
  7.20 030005907000090080690008001000000010000310076860002004400500000000000020003700005
  9.63 703004000010000000002500810000600905100800300000000400400005100000001632000063050
  6.76 070005406000006000069080000140000030200500809000300507000090050500003001000400700
     ? 901006000000780000000500006100008007000400900370090025000000090085003700602000003
  7.57 402150000000000800070200000100907000009061503800004000025706000008000007000000061
  5.51 000013000500080007008000304620000900000900001010627805800500000040009100000000060
  7.88 056003800800040037000000006000098000400000100008030940040010000000000705203007080
     ? 056004009480000002003006000000520000007040830090308000000480070702000010004000000
  7.06 009000007020007900004080002000405030030072000040060050050001000000000400012803009
  6.75 208005009000300000100769000062000050570610000000000360040800090000000108000003002
  9.32 400020008001008000009500700040300850000070006700000021900800500000900300200034000
  8.58 000005003006040050009300480007000000400086700360002900000070100000001000700938000
  6.87 600010000007006003000005469030270085708100000000500300300000000000907000001000230
     ? 000026000001000000978000000030050900040001050005800010002907100300008092060300000
  6.61 000032400900500010820000000137080900006000000000300000070000005000005029004273006
  7.82 400010070000000018906000402040005000001003920803000500000527000002630000000000005
  8.71 085020700090007040000000600007305000000000000040000051960010004700038160800000090
  7.75 900134700001007200005600000200500090000060000058700002700000008300000000524000007
  8.30 008000000900100040470090000005000780000056000000002015006000400020974503050000800
  9.09 003000000456000310000086250300140500008060090000050020700000000061007000000000085
 10.20 060001008007000090350000000000120060002000000000765400023406500000000306900300020
  7.87 060130000080009007003000200350001080000090706008700000000203570000000800000570040
  8.33 000130860060008020000950000000000970079000080030500000600000000500200003040760051
     ? 200040700100080300800790500008000007000000005400009020954806000000007000000001056
  7.01 000000000520000100400780000040030000009027080600004000005002090000651300304000021
  6.40 089004060000000030000007080408000002072009000000500401700201000600040008020030900
  8.08 000010006000000800000589004003750000067000020089000500040006201800070000030000049
  4.76 002305080007100000400060000100000740000200000050003900740010800090500400030900100
 11.21 005400790487000056000580000030000075006003001000201000090300400000800000200000900
  6.89 500000000002007000170089000007600014000200080080000650000030069900000008005402007
  8.61 001240000500100030090000200020000008800000000400000196000009300700020980960780000
  4.91 018000500000570002030000070000006090500480001000000400470900008000002047063000005
  9.34 092000700001070030000409000180063000004000001900004300620000000800050970000800005
  7.71 043100008000000005070030060007050200586000000000000003690070000050000306408001070
     ? 020003090000208005000560400000000072006000904890070060000900000405080700081000000
  7.85 010006400930000008200070000075004000000013005006080000800000034050000001003900502
  8.56 000200058800003100002090007000007600009100470000300080370005000056000000000026003
     ? 009050000000008500060000203100030006024006015000900020008000100030090000001004067
     ? 000020070160300000000080000203975000000000020005000004402000061001003000006400753
 10.10 000306870193000000600000301000098610010050020000002400042000085000000000806000000
  7.70 050007060631002000080009000100700940000050002000006001000000804002000000907800230
  5.57 500180007700090500000000042000420000009670030024000001370050000000000600060208000
     ? 000300600000006090005000100020001040009460010000080730670030000003600002051002000
  9.25 050000600000400003800070105104000000060003000003005860085001007009000530040000001
  8.26 000025807007061050200009000000057600020000900000000480050008204073900000600000000
  7.93 000020050714000009000600000000000020090502000060091300083200006000463000500080001
  6.80 004203069000050000002000001050040800000076030060030070700008600000700100005020004
  7.35 000020004060370000507086010400001080000600003039000400000040830800000000070800200
  4.77 000004000007208090080050246000400001005900060028013005109500007000000000003000000
  7.99 090104000040000210000000360100050002029000058000970401000005000001008070700040000
  6.38 900120000260000000005000007006095000040000005500003981300009000092500400000006200
  7.54 030120000500000000600080030090600050006000001004900020300010046000000715020740000
  6.00 008030004902600100000010920040000000007002090100000560070820050000060200300000007
  8.87 000100008800020360504007000090205800300804000000000020000000005000098700607001090
  8.37 020000070070009060050670000037002090000000410008106050000800004000030020006400700
  6.65 090203600004100009070600000000074080000000000380001090000000025060020010900400830
  6.59 080300400000000058000009200300060007467000000000090010701405000050000700900008501
  5.85 060004700802000300000096040000007005010000000507030210706000004900000803000082000
     ? 200010080060000340007004006109050400346009000000000000400020100000005670005080000
  6.16 006003400000005017500809003047000200030048000009010000005000030090000800080000106
  7.87 600023009000000100010004000006700081300000600000098000002000308001906002087000500
  7.94 000005040800400000000006201035067000900200010000008625000003056001000003006080000
  8.69 003400060000060085007000120000002070040000500800049000390020000000000600628901000
  8.18 800023000010460000009500000140000003500000900000001006007000501000640020000012408
  5.87 016003700400000209200065300100000000000000003089001000325090006000027000800000004
  8.61 402030800075000010001004005000209080057000900300050000004301000000000000600042100
  8.12 000000060206079000000500007109807000700400052000020000000200708040010090803090000
  9.28 000000000000100306467309002008000600000001000700205083530700000009000705000008010
  8.12 000000000902000075038060002003006580004020010000700020105000600090304000000010800
  6.42 000200000010006980006070000003700495460090100000002300000003001000400500750000006
     ? 000020090930000106800500040140030000090002000378000060000000000000847000054006900
  7.87 094000080100075090000006200080500000010000005060019800000007053700000040003900070
  6.80 200010008000000000000009003412300700600100005070600900050000040009000012001040860
  7.02 009300000050000280070850100090000700000230001600001420300005004080090500000000008
  9.17 050000000209030000400809000008006000075090860000004050580000037090600010030000500
  7.99 500000700004010260009560000000004020400100007708005009300900050010000004000020600
  7.59 003010000900060700001000204200003005000700062007080901002978103090000000000000000
  5.55 002400080000000200000008140503096000008040605000070012020003000900000006750000400
  9.19 070230506804006020000000000047008090008009002000402010695000000000000000000050904
  6.08 030200000002000004090000005140007030000000600700020000800913500060500020300070480
  7.65 907000600100000003020050040004580000000001030060000012800200000005018900200340000
  7.32 031020000005009000000000405300900107500200060007008020608000000003000670490000800
  8.52 001000700030100009004009000000800600007000910200000003700040500000670802006503100
  7.19 003005000070200000600008005020000074007600000580010060304000029000500180050000003
  7.70 900200000700000001000000306150800067204060050000100000300000200010630400000970005
  8.85 003020080001780000700000500080000030924500000607000800000800150000051090000607000
  7.66 060100000090307100050000200100009008000000000502084000000001082300002004006030790
  7.71 506003000801057000030800040020700600000009000000000370408010020900680001002000000
     ? 103000000200000480050009000700300050000000064090580700806051000040030206070000000
  5.06 040302570000509000020000000007003000000400960300186040504000009080000000002060100
  8.09 000200790800010406900400000000075000400603020000000680080900040600004000290000003
  6.91 000340809000120000500000000040000000003201007000093002051060003000000906007030085
     ? 000300800480500000000070100050080002016090400000002070030004705001000304090800000
  6.16 000004080700300024002700001000000067050001002008002000001000009030000615025900000
 10.11 010004509600701000000000000080000040007023600000609800031500400040936000000000002
  9.20 060013080000000070250078000503007000000000210000900060004030900070096030000700020
  7.30 094002300030080000007000005300000000006800543000605001000000600705040000600000824
  9.81 040003000006007295807500000000000000009070000000005831401900007000002100080010300
  7.13 001004500003000008020600030300700600007908423000000000000000300000562009012000004
  6.80 200050000609300080010000000000630007000087403090004000002000750000001604030400001
  6.01 795004000004000020000000000206800005000006900079030800002080000830020500500060070
  8.37 003006400670030000000000500001070020020000601000100300480000003102700009905040000
  7.98 200060009500002038007500000006050800080000090100300020001430000400000200003005700
  7.30 008206000000000010012000307006980043700030000000602900000000800000301600650007000
     ? 902005600070060004040000310000738000400020000009050006001000080000904000700010200
  7.28 000000400302000009007480205000008051600000070000037048020000000900604700050001000
  4.75 002000080706090000000030604200070300010300040007508020000010030000000500000024106
  9.13 004012700001040000000005000003100900700000000910206043000863000100000405000000086
  7.68 200030006005400300900000210400309000000000930000086000060051000094000180000020009
  6.75 800043000491200000050000010106800027000009000002000045000080400700000080060500003
 10.22 000060000080300500009750014004000070798040200000020005000400080500800900000001007
  7.20 500003800000400360090000000100036500073018090900000001000090010400270000050800000
  9.55 519020000800070000030000012100050800040003000600200003000900006000000130301006040
  7.76 000024060105000000040500000000653809070000000600092050004900100000070040060800002
  5.69 500000690008490070032000000000800000000206900076001802000300000600000187090000040
  7.28 809200500064070080000000100040000003000019072050020600090000035000380000030001000
  6.38 080005007261700000090060000009300050040070018000200900730090040000800000000041000
  7.10 900003000000086030000000618106000000850700000000000020700090000492070006001020074
     ? 200050007703009004009000300060081070400600050090007003004000000030800000000000129
  6.88 000000008106005300000300001000000003000007084734109600040000059002001400000706000
  9.65 500043008000090000010000250360000080000731000140800370000052700000400006000000100
  7.87 080000600049107000000000200026080000005000809000060501750900000004002100010035000
  6.52 000120000050000000390607082000000806009003740006000010002700060000004030700500100
  6.88 005207000400000010002980000000056003090000800000000040000508007000094006007002398
  6.11 600014002003000000001000005270005900000049001500076000000060104000000368006700000
  5.32 000206879000000000903000160200071003050000000008500000010020000020300500604090010
  9.74 000120000000076000600005403000600000902030060000000831000000210791060500020000007
  6.78 070150008201000009004300000020003060000000900407000000700004020800601000500079001
  6.04 000000000020739000900040100070250000000406530009080000230500800010000042700060000
     ? 002000070005400000310690000000750090006003200008000004000506900070010050560000700
  6.23 009106000000070060070402000000040590300700010807000000080360752034900000000000000
 10.92 000005000600039200204080010007090004830006000000050073900008060000000830008020000
  8.74 630000789071000400000400200060078040090030600800500000300004000000690000700000050
  6.85 200100000070400001630009020005060070300054900000000040402000007006000000910072000
  8.11 000410590000009600005000001403000070010046009800000000002060000000700086030908050
     ? 090200480037000000000609130300000600008020310050080000002500000600003000500800070
  7.66 000000005710200000403006010000093080078000040040002300500030800200040000900000036
  7.33 058300000006040008000000203405008090100000004007100000000000005030000780802960400
  7.93 000045000800000306900380010000070020305600000080030901003700500002000030000000470
  7.89 000100000000460380060009004000050901001930000280000000000300016038700000005008040
  7.44 000035000830009200000000010200100090000470500006000020584300000020006709000020040
  7.69 100000000005069230003000000000006950800900760060705000070000410000000506004802000
 10.75 802000000000829030401000500000000340000070050070308002010086000305400000028000000
  7.30 006005700700098000820000400000309060000060001097000050000406000002700590010020000
  8.58 690030700080009000001058020000000400000200900800306005004003000007005000510002070
  5.91 300020000041009000070000108128705000000810060000000000000001820602040000000930500
  8.37 000007000200300600900050704004760850008000007000000902405800000080400000700009010
     ? 890007006706050098200000100009000003400100950000806000000062040003000000000500060
  7.22 010009000800600500070050043006020000102000005000300006000002000400060001000810752
  8.08 500007008609004000007090054004000009000076000800000030100040302000800075090500000
  5.67 104000090000008340070500000013800020080002000600000050000020036030010000900300207
  6.04 081000900000009000690710200000000070200000540000082000030074000000326000007900608
  6.01 000000059000083007240000100000030002400079000050800060000008000017960500603001000
  6.57 005030608260000000030000004000070000000469080459000000600700040008901020002000003
     ? 560007400000060208000300006020000000400000930003604001940000000801000600030700010
  8.88 028000007003001500605009300060000050090006020010405700000060070030000000001000908
  8.61 900000000030000100812097006105000600000080000000200470200600001300002080000031500
  5.35 000000006600009037450300000000005800007400000010000705700590004000804210030020000
  6.07 800035000000040000057000120102090005000020040009014008700000360008071000003000000
  8.84 000172008080040060000008003023000047000710000060900000030000700800097020001000009
  9.51 005020090007000504000500060024690000006053000090001008400800050700030001000004000
  6.20 009005678800000000000400301700010090100000800500000004050800900002009050007302000
  5.72 006003009000000027895000000200537060000294000000000000040080301000060004970000050
  5.66 500102047030000080000000362060040809000970000000025000000504000019000008800000200
  5.39 007040500800035000061009200200000005004008090900500700002001800000080003700000600
  7.49 095120400010004030000600000030006000000408720006000050000000890060850012000040000
  7.42 000030506001067000030009100000000005070090803008000702002400070500003000904800000
  6.95 009100000130500260062004000058000091000003002070000050000000000000800900701069400
  5.40 080100500600400000209000007005000083307000690000003000000005206400280910000070000
     ? 090000500076594000000000004004006700280400600003010002009060040800000010050200000
  7.80 001000000000173080000060004000900500609040723250000000010000000308000076000002340
  9.55 500010009300608005090000014030020800000000006805073900000307050000801000010000000
  5.87 300000008900106000065000120000201700000009000400000200804700002010502300030000090
 10.39 070120000040008000000300000000050860208000003060800701910406570500000000000000690
     ? 010040000308007000640000302000703006509100020000020000270000900000000108800906000
  8.24 501070000360090000009000020004500090007000102000060000000082600000400950040051070
  7.91 400100008000080020005060030002700064000000002709000000060803000000070203813020000
  9.84 000003500507080004200000098004790080300200006005008000000605009000900010930000000
  6.36 200004000083500090400870003006000004009056800050003000000000008600000100002001560
  8.79 000000007300109400496008000508003906000001020004000000020070540007000000900030008
  6.96 560004007008000004002600000000000000407020100009180002000750030000010080903040050
     ? 000413060807000090040000000008002001060000000014090657000904000070000580003500000
  8.10 400005000800070001000000620040000980050007006609080000000900203700530100084000000
     ? 100030070000006400469000005000003047500400000090608001800000396005902000000000000
  5.15 200000800006090003900070500000000005060030000008069200050000106400720000093850000
  7.42 003004008804107005205000300000001009051703006300500000040008020000010060000000000
  8.00 001400780070205003006090000405000008000002901000704000750000000200000307800000006
     ? 500000000040090003800523006000905040061080900080060000000002000390000007004000130
  6.69 734000000009008000000607010000900700802000056100500400000040070000200030023006900
  8.39 000000098000000070351000000237500040100007050000006300000064200008001005640002000
  5.64 040000000000208000053000040000000000508001900090600510900500604060004030000902805
     ? 090007600507060004240008000600000005000030000800015000000302000010600300030070420
  8.45 900300000640000100007009003000024050070100600008000000000008000006907810020051090
  6.31 003000690020040000009607000005704000000053061000900000010030000904006800000801004
  5.56 905000000000380020200000356003800600000000801007604000002790000610000005040008000
  7.26 028010900100060008060300000200140090000800070007002000000500401050700002400000700
  9.69 200000000005700029000260530000108000500000200006090401160870005000000000800000047
  8.35 030020009000000120700080030050040890100300200002059000600070500900000008000504000
  6.98 000120090050006004000007000300000570608040020000730000000009350020800741010000000
  6.12 025438000000600000700000018000000084500000706630000000051000000070004050000012097
  5.28 407020890000098050000400000030000004500063000000001200080570300900000001000802070
  5.01 005106000030090000006000080050970040070080000000010003384000702010000000000832006
  8.69 904020300008000201300600000007000900800006043100009600000700800021030000000000105
     ? 310000705000050000400079300000000000009004000000105902500003420030600000802000103
  8.71 000230000000070200407000310000000051150080007670000000304007000000000865800900004
  9.15 000230607090100240000840010004008000060000020810700009001300000005004000000000906
  7.43 103400500000008060400097008200000041000080007004210000800000006900061000000500100
  6.61 000003090000006070005078100182700060050000002007400003006000000074080005200000600
  5.74 000328509650001003000000000300200090907040000001000024800000000030000005092103000
  5.66 002040000400009300000307005057000680200030000000016970040900000000050000800021007
  6.92 005000009800309007000008020100003590020670000500000003000087901070000000904000008
  7.73 001200000504000000320000140000400950060100004800500070002000609090000080018006000
  6.40 000102000200085090040070030003400080020000006000710000750000100002000070000830024
  6.16 003040000800000001060890200008000054309020010000010000730000000004601000000300978
 10.03 900204007070008003003000000006000700390085020040000006102000000000950000500700160
  8.32 100000008705100300008000400009700002000000630400306001000003009052060000000907080
 12.08 059003600300700029800090030000000006708000000000084005400007800001005000000620400
  7.19 700030000060078005000000210152860000000003004000000050030000500804009002900000780
  6.68 410200070002091000970000000008000000000830000057029001000000740030045100600000300
  9.13 000310009200600000006000142004050700070080000003200960702000006000000504800700000
  8.12 078000500000205401400800030100020000000600000090010045003001004085000300900003000
     ? 200100700050090000000048030300000084500000000740080020030000000000714090009650100
  7.25 300200600000100054200090370400000908609000020000830000000000007500000040130072000
     ? 059100070004000100000008009000001782000340000000980001000000500002000006900603204
  9.35 100000098009601050006040000260000400070490006000007000000030000700004200008000945
  7.69 000340000009100045705000000400000978000600050090000300804030007000900020003000610
  7.29 400020007100000090308050402006040800004507000000000000000000078700001200905800060
  7.99 000350090835000000000020001060000809050001600000000400403060000902084030000007900
  6.14 200010700000800030080000000097000600450002009010009070000050000004620000001780504
 10.89 400100090020000080017509000000051800006003900040007000701000006000002050900005300
  8.45 000004500980300020025070000000000000009120600300000010090008302002000705760900000
  8.03 098000567000030400100090000400000080019006700020800000640000000003075006700000200
     ? 000000800000024070008500000030600040001007000006080031920040007710060200000010004
  5.90 400037800060001050000080070690000000070800000005000962000000008206003100003000609
  6.51 690204070025008090004000300102087000000000005000000400300905000007060003000403000
  5.49 005100090900374000002000006000800900000001824000000530800750000040000302090006000
     ? 030000090000306000020805007040000082000100000009004600076008000000640800001020065
  7.39 006030507900075400000000000004907050000400001003000002400008010060000080805046000
 11.06 004000600000080009600790000000001003100000280705030060051900400900504000008000090
  9.03 000005600002009300980600100129060000030000040000000002001003000000520030000701480
  6.23 000000856500079001000800030106030400009050087050000000930020600000008000000040002
  8.72 008100607032000008070000000100003000000007803000000900084030200010052000705690000
  9.02 209130008080200000000570000170080030030010700000000000700000060600000280010054007
  6.44 060100007000000600200007038109600500000000020700090310040000000002384000907005000
  7.94 400100090000270300007000000000007580030800710000040063000000006904000051608900000
     ? 300006700050000020020008004102900000070030000000000051900010600830500010006803000
  9.85 081000000000070400040089050070030000050000876000200040000008907510002004000000180
  5.77 600004009005000000401000000100680000000009002050300800000900430900500086072040500
  6.65 020005090030800000000007031000020060700000800000050009003006400060504900890010005
  8.00 600000040000607093200000607000509004007000800096382000005006080010004000000000100
  5.63 009000080000170000000580302000000749750000200400030106007008000000020500900600004
  6.59 009000000020500046000009020400000001050001000390000805070012009000036002930040000
  7.76 700030509000060000090200000100000048007040306080300000060000000010056400402010003
     ? 703005009600300000040002107208051000000090000000000503000800090500006008000007240
  8.43 008010000607300052029007048005000000070000003006200007010000700800040095000090000
  7.89 900100456006400030540006000002010000009025080000007003700000000030640012000000000
  7.14 050000007002008036300090000500000904003000080060145000024800009001000000000902070
     ? 200006000030100000000049005109025003003400086000000002000002009070050000000013270
  6.07 200008007038009000001000300000060005005000032900040600800701020000002009607800000
  7.47 000012008003000150210600900000089000000100030060307090002070004548001000000000000
  5.32 060000370005000000037000602100200900006400000920008030001060009000000080700030250
  6.22 200307004807000100500089000009060000004000300000000001070903008415000060000001050
     ? 000100005043007009060000100200010700007000080300020900005080004001005600020400050
  6.09 000000090059307200008000305400000060002040001000205900000030100900080000000061508
  6.61 060000900000007004000009260003000407050008000900170020080061000410000609200000001
  8.94 092000500800000000000500236400300060005200000000006070510700009907000610080003000
  7.03 000030080600070000842090100009080300005020009080700000000010090500000060703005040
     ? 200100600000080007014060005006000900000300000000021054040002801008000003300005090
  4.79 060000090000004200130080007000967004000002050900300000003000500001240630000000029
  6.66 080000350310000090000060007700000000295710060800004000040005000600093000500200600
  7.81 400000008700068090006000020000019007019000043000000900002080000080300001000502709
  7.42 010000900065000000902000100100400000008750006000038010000570040000060005800904030
     ? 100006080008000400709500000015060040000210005000008200600000031432000807000000000
  9.02 600000000000406090100098200300060004004005006090010000000002010080740000705000409
 10.06 000000800900070020020159000207600000480007000000800045003080090060500030070000001
  6.90 000200009060000005910030080200003000000040017007059060030080640000000050001900700
     ? 200010000050007036080000000090070062604000080070002300000000009000600070007509840
  4.76 800000090100000700900408200200000001001000043070040006003087000000930000705010060
  7.67 000040607400000000007906002045080030000300010109000070050000008610003050000067000
  6.78 038000009000000100670000030000500300040090071806000050001072640007000000000008920
  4.77 408010009052070000000809005300007621000003000009006570700040010000050004000000000
  7.13 000000600049200500057600030200000001801023407000009000002000000406802900000001000
 11.21 706100009000000500095008000200804600001050700080000000000980025900000007038006000
  7.98 007000658002008007000090001000000309300000080000040006400000500500007063970003004
  6.69 060043007087000203200090000009000000000501030600000058000020405005000000002910700
     ? 000320000003600000000080040026700000050031900000065001010000609400910280000000050
  7.49 050010700000009200407000006200070000000090001600004357000060503000200098000801000
     ? 070000698009000000280760000300080500000057020000000014001030700000500000005040032
  5.30 200003609050400008006080400000006803080000050001508000902000000000300000004002910
  5.44 050023700020090005008000014000700006080050000000000190300070060007000500094001070
  6.67 500002000874650000010008069020000000000010305000400000001060007203000400008300100
  9.28 100520009030004200050008004081007000000200870400000005642000000000900060900070000
  7.64 093105400800400000060700050200080070009300000000006080000030012000007006075000040
  8.11 500010000000485093020700008000200000058060300090000012600030004000000500010000706
  7.28 200000079496000080003008010010003900000100060604000500000050090050030200800900000
  9.48 090002008400378012100000000038000000009200600000049000070000040000500009600920700
     ? 700002560300000094010600000060010073000000042009300600002800000000005000070000459
  7.96 061300009090180000070000004000000010403520700009000300050900480000002000000073050
  6.12 000206000700100040580090100000000090005009800003600000010003060070400080002910003
  7.45 000005300700000208300790100000081000610000040800003000074000000060000012508900700
 13.97 000020000094080100013000080000008054600300000000007800806700420000400900002000570
     ? 300500970020103000000008020230001000000000080006039051000000509000700000904000032
  8.56 000100005400007000056000320000060700080070050200080001002000078701800400000009600
  6.65 850310006700000008000000029000005000000000042600048000902001000000037005500800960
  9.72 600420000005100680000000031000005000090260300004008910806000000000000100340800020
  6.51 082030060007560490900000100050040000306800000000020680010000200800000006009000005
  4.77 000004000480200309000000201070021000000090003040000008000010075960800000030500092
  8.79 000000890100000000020605000000008000700510908000763200900031500007040000060007040
     ? 000005079007006003000000000200809700710000800060307410070080000400001200005060000
  5.85 020004090000000407308500000070002003080000000000800501000650100015020306009700000
  7.73 039200007000090140000008302040000000100680070500000000000001600010003059950000080
  9.35 200054039000003400004600050000000006000807004706002000302090000940000060000005700
  5.94 000005400000600000890400320200060015003800000010070030580300000000006100070080009
  8.39 001000006047301009800000100203000400010500803090000000100060300002000005000852000
  8.57 507000000009400500106070043003001000005002061400000070070000000000007605900230000
  7.36 500100390219370058000000002060050704000000010080002000601008020000040000000000600
  8.90 008000405500097000000000009007000800050200603200040000000006700000820940041000058
  5.78 300010004000000250009007000100850906400000010700003000807500000531600000000000805
  8.06 000004560010800000900500308006000000000080921100000430500001804704000000000430000
 10.62 010069000306000000200310090020030007004020100700000500030000060007001030000400805
  8.21 090020040038007009040800100006091000500000060000000304000008516000006080001070000
  7.90 200010070000060000050700200143000000000046300500000790006800002900000038004590000
  7.53 002010500005000019060090407000000805016000700930200600001000000000050006080604000
  9.63 000010000004375000207000100340000050020900001090000000451700063800000400000600080
  6.57 407035806800000030000009201000810007600000003003460000300070000000021000010900000
  7.48 100020049000006380007009000000003600010000002090817000305000900800000007000600403
  7.96 580020000019000008003060100300000405000500000000830070000306090008054020001009000
  7.35 008120009600059000120000400000510004070800003000400050000036020003000700060001000
  6.47 600000000091070004000400000000005009087009010300001070200080057003010000900360080
  6.59 000000500670000090041060000026400080000800017300109000005040002010032000060000800
  6.58 200000609070018043500600020005100000000000000708030014030000001950004300000080000
  6.07 080005306002000010700300400200060090000001000090008200031076000009004050800000009
  7.75 000134007001700000050000003020009045000072001800000090005900000000000056006045020
     ? 402100708000200010508000006300010800000600203090005040000000000900004500050068000
  7.42 070000500003006078000802040300000000000497003290500000000065100080200006000010900
  7.32 530000080000070005001009000170008003008002050009300001090040300025000000000920500
  8.09 900000000300000200500080004100290060060010930000006700000000090600020150004350007
  6.41 009402000605000001020500070300060000000000409080000620000700890010000000750084030
  9.55 100000700000100000000605020304070906010000003090001500526040000400000060000500049
     ? 001000670000030025900670008060010000008900000100005000500000047079001000000002053
  9.95 100400070800300000000089002000008004600005080900630007060004000009750010020000800
  8.84 368020700000000008050906000206010000900870000000009320071053400000000000002000600
     ? 000003000010670020080000100103240006000007014500010000900000040040900080000001063
     ? 100200600004008090708000005300500006000491000000000000000803100900150208070000040
     ? 070000000000054130300000246040020000000509001006000708800031002730000000000900070
     ? 000002040007060000390000006800700900102006000060300410000004050506000000009010304
  8.15 004005000010306200002000000000090086008450002037020500000800040080000051090000300
     ? 402030600000200300600900005200008000150000000007500400000000710730090080908001000
  7.55 600000590000300006008006400040000080000100635050900000102600807000725000003000000
  7.25 000014006008000300400000900285003009000040850040070000001900708050800160000000000
  8.92 050004008400000000206000300100460000090005840020300500902600037000200400000000600
  6.29 108040090503260010040500007060000004000003000300400000630090000080000029000001070
  7.82 005006700800040000601000003000705020000090060040031050010409000008500000090080005
  8.23 803000000701300008240009100000025060000000391000040000300602000008000506400008000
  7.63 006050700400170000200003100010300000007000904000040600900002060002007408000006003
  6.85 000104089000600003000070000100000842003000050586000700801040000460020000000007020
 10.16 006000900100006007004080010300200000509040000200000680005007100600005003010900040
  8.08 090234000008000000470900016009000050000000000800006041000090020700003009050080370
  8.04 305006000200000905000580100100004680040030207000200000000070040006800003030010000
  8.00 460020007001780906000400000030000850907004000500000024000800005700000600000042000
  6.94 901000075000000000430007000060100000049700280200800000000000350016300000000028907
  7.79 060000048078200001013079000125000000000500000000004030600000020007320000030900100
  8.47 100305700020100006300000042000000000802000600040508001600070000009600300000930400
  8.96 000400090000000200080000130104008005900300000000007003070041080802005600049000050
  9.52 006032009030000000901000048000420063000050000008600000010090050004000200360000807
  7.65 000023000002000016800005004100000000000508190500004020004050000090801400000002803
 11.85 000000009001070000079600205000000603006003478000400000000002057000500100450307000
  6.44 040200098000000600569800100430000700000000000082463000010604000903008000000000002
  8.07 000400069400020300500800100100000005200008090060070000310080000008000020000734600
  6.58 409006000000000102000000040180005000000004003000809010502700960070090028006500000
  6.51 060000007000608090127400030000090000504200000000700400000000150401000070896007000
  5.38 000000600004701000390006000000800567623000014070000000800000000000652900016040000
  6.27 009100600030000040007095000380006007400900001000500204590724000000080010000000000
 10.05 700240090500100004098006000004002900070000030000300701040900100000503000021000000
  8.14 400310080106070000070600000000020701009400000000008560005801020000500400830000000
 10.91 006200097000007000000800040000600008380009004000000051709001000002084500005002010
  7.49 607100800000400070900000010000200000074600000080019620052000100000040300000032080
  4.78 005000060130000000006008301300000000200090104060054800007040000000020700901600050
  7.85 050243000006090200000006005070501030008700004090000020000000817800000000000902500
  9.01 000060000890000300000800250100000900000200008078600001002401800010902060007000090
  8.88 006000000082006003300080006000000054001907000530000001000001000740000005010803042
  5.94 030100008800006000000079000005340000008090001006008032501007600000510070000000009
  7.76 000100000570400300004007100000020090047000050060018000000000008003000405409806003
     ? 007283000060000500000000002003740000096000000000000024070090006000057100010820970
  8.02 000006709918000060030004050043000000000500030000000091000600000096380007300001008
     ? 810004000000050000400000102000480000000090873000206000900005700040600000603042080
  6.59 000006700090051040500700000105000080060002900409000060010000090000000802807500001
  7.46 098010000000450000410600008000700000900020003007060500600000000050002490280030010
  6.32 040100000300000006000056070160002000780000345000400000800060590000010000900340002
  8.91 500003097076200000904000200000000570203000006000408100040000080002300400000070010
  5.83 000130700380450000020000009100500070000006080095080600000000160500003000900007400
  8.06 000100000003009000050400000100000680090000004400075903681090040000014079000000200
     ? 050004006284190000000000200400008062030020700000000001020009605041000080000700000
 11.59 080205006700300500500000010050060900009080000803400700490500083000000100000020000
  8.82 020000000003070005600005010100000000360000002090600800000056400900021000070004169
  8.19 000000000000038406250000100100000740005300000030702008000000001601085000007014090
  6.44 480002090020007008000300006000000900005406010000020060271000000003090520000004007
  9.36 000000000201300600803009025108040070090600050040008003000000000400001300600090500
     ? 000400008007000050000670100006900000300084000020010043000840000640050709030001000
  5.50 000036708100000000060000000304500000000800910008071020005000340000007100000625070
  7.29 020100460000090001030000000010008000008609000006004903000003070500007130000820600
  8.06 007004006210009070800000010070500000005006042004030000000400000001008350500002600
  8.19 004023000100046007650800100200000900010037802000000000090060000000008004000902008
  5.75 004000000500090073902000160010600030400000090087000015000000000040003800600051007
  7.81 000020080800090000102000603010040000036000705500203000000461300050000000900050070
  7.41 460200000100009308000600000000000400600000000503020706040901000920004001001700005
  6.73 060030500002780000809500000020040008000070150647000000500001800000000000910000023
  8.02 000400000309000640070000005038000900002060100790341000201530000000000290000000008
  6.90 067000050000000080090700200086000002003800000010020000700006504008300006000041790
  6.22 009320000000000700035000140210006000047008010080450003000003057008000000000002001
  8.05 004003000800400003000058020002000000060800750400160900050600490200700000000090007
  5.81 059030600020070000706008450500320000000040096000000004000005070910000042000010000
     ? 004000000070290000890000020063000045020149003000000000080003000900520680000070300
  7.28 400007000008006070203800000000002084506000003000090001902010000007000800050904060
  6.37 100005806000003070004809000200400908080000000000601503400200050007000000000050480
  6.73 053010800080009000600700040000006057000030460908000000000603019020000500040000600
  8.16 000000400001050079008700000000009800800007920006100005903074000200001000617000000
  8.40 007030000810090075000000000004900200060007000200001090040000030000084107000672008
  6.79 000100000000230007910600020050080069040025000008000000000070904000500000700900183
  6.18 000000300019070200020089060000000509500007004000400080000710002800093000702000050
  8.57 503200000080030090070000060320085000000000030007090005804050700000600009900003008
  7.44 005003000000107005020400000040000020200001090009000016000060031060024008008900002
     ? 100020079095100000040000005000900002800005160300080500000000800010600000002030401
  7.54 030120090000000657000600200100004800045000000600003700000400000702800060003005002
     ? 000000050306700000000018200000460700090002400260001000000006007008090030907005004
  5.20 098004007500060008010005000604090005300010040000002903030800000000006000700900080
  4.78 908200007000060000500400000020030960050000084403000002800001090760005000000006100
  8.61 006102000000090000090040060028000035000400890100006000010060500040050907000073000
  9.79 000035000286400050950000000000000900000853600000700501000000305030080040048001000
     ? 200400800004009600000503010060070000100000065000800001900054000700600200008300090
  8.00 004010500109000003050700004590000000600800000040306000060000000871030900000504100
  6.05 030000000500693070000000206100300600008040901960002400015080000800430000000000000
  6.62 000030000508090140304506000000003089200009000000010405831002050006000070000000000
  6.16 000000000920400083400710090000300508070000004200080006800040000053900001000050009
     ? 027000008400008000503490006000231000030000005000706000004310900000000002600000804
  7.82 607000800050716000000090000143000006000143000000000004020000080400007530008002400
  8.19 040320090000401200067000010000080006004000001002000005000650009000900004805000302
  4.79 000000590009826000000000106400000680000600070590003000030090000720060430060010000
  4.76 020010400008000009006408300000000500500700026300000001700800060000003090610000075
  6.65 090045060670002000050009000000000006000238005980000040000000000105086002000001803
     ? 405003007020000050006000100003540900057000210000010000000600040000870003000090501
  7.24 400506000001380200900400000000100900000000300602007000804000090006000501000094630
  9.24 006040008807300000000006000020000904000000080305000000700503000000072056400801370
  7.86 020000070005620030004079200710200903000160700000000080000400005000000004050801000
  5.08 030200007700000100000008305100740000408100050000000006304000000090030870000001240
 12.39 009305000053060001080001030010070040006400000000009050500000700007080600840000009
  6.26 500000009001000046000006210090070802000009001030080050800000000000250600002060035
  6.20 009320000500008090462070300006900020040005000005000010800000000000782060000001700
  6.85 095300600078000200000000000200610900000009005409500020500002103060007050000000800
  8.85 008000400006100000004500260060010840080020037000000002030700000050400003012060000
  7.67 000200089407000000100406000304000008070000002000108600830005070000002304000000025
 11.22 800500009400002500007080140006000400700400200000009003008000001000200900350070080
  7.86 700002640000000080302009001000510000000000050903000800020701005800050000570900200
  5.85 060003500000600037890040006000201060050007010000009800980000204005000009700000000
  8.15 020060000060000501807005060040050000000209000080700000000900178071000340200001000
  6.71 140000000000080600050079010030100000080040003000062700000000080001000260802004097
  7.95 020000000000190200089007003040009005370500901000000080600400008400013000050000700
  6.64 384005006070000000000000030030001000560200870010008400706490000000000049000060200
     ? 010200000000050607005010004107000000009000000480096000000060900092503008046000200
  8.49 690003400300500092000000000005007040000000300009040701040000607800004000061200500
  8.29 001000700085000004307008105020003090000900050000020000000860531000000800400210000
  4.78 000003800500090300800075000002000006000208000000009081200000900008000014013607020
  7.18 005103400200000000060704003104900000000600002006070500000000805000000010019340600
  7.02 000003069010007008000090070060500000000609235098000400820400000306000000000060700
  5.21 000000700070038405506090000040107390108000000000009020800005000034000010000070040
  9.27 001008070070400006002059000150090000040007001000000500004035020090001000000004098
     ? 006300970070000062000080000030008400100040007640500000010006890000000003790020000
  8.11 006100009000270064090008030000000050070000400000503900000300500003900078640010000
  6.52 302000090000000000000780016008004750030210009090000800000090000000500430721400000
  8.03 024003000180020006000700310000000001598000000040050000010800605000010240070600000
     ? 400200600300478200080000500004050070000009010930000000001500000700002009820000003
  6.21 000030700000800240070062010060008002009004001100000083000080100000000600020057009
  6.29 200000000000090000090070010305009080010080702900000100004007900080040500000001423
  6.47 800000600003089200500400000000000056204570010780000004000002000020000030051040090
  8.23 100006589000030060020500007008000700000901002000403000004300008073054000010000000
  6.55 000000600003069008009080100040105700620008005000607300000490000010300000902000000
  7.00 001620000200009050004000201006000005020090370050000904030800007000030000000710060
  8.48 100035000000000092000109038315020000000000060006800000000904005508003006004000800
  6.89 000030008005000000173900000300010082008200570060000030032700000900004000000560800
  9.17 010000098050007200700000000004906300500000000308210007000802001086040020000000040
  6.44 030000008601000200209570000450300090000004021020000000370000800000003002000901003
  6.25 006300000008000000090587000000400608000090050074002030000608172000000080010005004
 10.01 700120050230006000500009200000000700000830010809000000000000905002005004050790030
  8.45 502003009001020500000560007000000000005001382080907000003000100027010000400000900
  7.08 100000500690007020000600000300020008048700000000490002006002310000000806500070090
  8.46 000100050005700100038000000200000403000040900004000005800006000096002310510080004
  6.20 082000007007003040910000000040020050050780100000030060000340070000000903601000200
  7.12 080324000000800050932600000000103078090070001400000000000780000000060280001000400
  6.46 000005000005098000800060203150000004700054380090300000010000600000000020900706400
  9.57 000000800007000306902500400300004060004070050000005030020003000005906040000840070
  7.89 005304600000000030070806050000000718200050000600003000700000060000002501042068000
     ? 400000600000070200000000045070002004009008710680700000000900106000321009003500000
  8.22 206000090000760004000008000001000080309026010008040600040510300050003800000000040
  8.10 000010070002000060080000203007000000008009600504083010050004000010020085000700094
  5.46 036210098000500000980004100000003047070105000000400000001000320020800000000600050
  8.34 000004000600080007180600200004000000000009006007030000500901003070000690930006750
  7.75 006004070000305002300078059000200000005000006800009500002000093014000000703001000
  9.51 400200080003001500500700000007500008000000700690080040006000173000004009008900005
  5.45 000006090500000000030001000010005600490060001087000003360900087000003002008004500
  5.60 006030000500409008020600071070003900000000067400020000000800205010005000800017000
  8.96 004000000030246108500000200072009300000810040049000010000500000000000070008060091
  7.26 097000000100000002500070034000020001002300900006890003000700080020010400904002000
  9.98 007000000300009470500060200000007300086000001200000946050000037000501004930000000
  7.26 000020089002090000510760000000000000493600000000070031000030007320010500870400000
  7.97 300517080700680000000000100040000000005000006030004521000800400010900360070200000
     ? 072000060000008030600070400410002096008300500000400000000000620905006008001000005
  9.52 000100700015008000480003000000080000000400902600000305300902000090030041508000003
     ? 910240000200050001008007030340010906060000000100009000000020600000006105006000080
  8.00 008104009030000020200080000000009000500003080897001200000500000300000007601000854
 10.44 008010090000200000004007100010809700070000006000006200000040010020571064840000000
     ? 000000807809200050060080200006075001000190000007800030000050000590000060020007008
  9.42 600000000000100052070009310040050930030002000009040000900005000800003700500900103
  6.02 100420500540006800000098030009010608000000002007200000070000000010009000000830071
  5.46 006200037240008000103060000000007900300005000054000803000093040001000070080001000
  6.63 600003000004108000200000030100400072402001000709000000300900600020005083000070009
  4.74 000250079800100000600700003050090420140600000007000010000000206500060000003040900
 11.49 000100080003000200000090003120809607070000800006400020500002006900680700000000900
  8.80 600100000000058000502000300003500002060020010095000400804000600000073080750200000
     ? 000506008070203050000049000028000007900600000400000130000090502300000600802000070
  6.79 500000000000680000780309004013500000005401070000090002078010000000000401960000050
  8.61 080003050100400008000000006016050400000600002900070000790060080002000900003904500
  5.99 600040009000508060000600005000430000307001290009000010061050008000000130004700000
     ? 000100000004000039700008001000000980100350040402700500200000000045003000090042300
  9.09 008000506009503008024000000006008000007010802402000009005900060000002007600040000
  5.55 000006009040000000830070206000001048078000000000504030700310900060005310500000000
 11.31 060200507100007430000004000400052080090000003005000010000400001070020300008091000
     ? 083100009000009000000030042109060000000082500000007000005000700020040090800053016
     ? 801003009040600010070000200020064905000005000004107000000000080605700100002000400
 10.47 090013000060507002003400090010050040200300600000009000000000054000006703071000009
  4.77 400000070001469200000002008000203000503040000000050060700030000000020950009701003
     ? 000005070095030010001920400200000806000000900700009040000000365000084100020500000
  6.45 000043097000500010000007200582100000000000000000004003900080602610900050003005009
  4.76 000035700002100400800700000000026050034000061000000040000900000000004020046052310
  4.75 000037000691008003080400000040000087230000000800000100060504002000000600070003049
  8.41 004000007951070002000090043100000000070480000040037060000001720000000506080000004
  7.04 000020507700080000380000040000400630008071000401060050009050000500000409000002060
 12.26 009103000500009000270080004000000906000000040406002005620300810900004070008000000
  8.41 900000008030205107008007020000400000380050000507000804001003250000970000600000000
  9.36 140000098000060000000700140004900706000007900003800004020000300080000025500410000
  6.96 070003856500006020003098000006400003000030700800020000600005007000000000004080091
  5.84 500104000000050020000700001020090830000000040000280000800360297050002006900000100
  5.31 000210069960000031000040807100078000305094000070000004000806000000007000400000500
     ? 200003080600000040000008102020309804504000000000200700900860000080050010000004008
     ? 041300098000000460067001003520000900000900042030000000000000006000007000703510200
  6.93 087000009000056702040089005000800060009000000002030007020070003601000008000014000
  7.98 000006708020080004093007000000000205008540000040003010001090327050000000000800001
  7.23 019320000004070600800009000006000107000207000003405000490080000000000205502000009
  7.32 071200008000010070209600030000500024008000953007000006000000001000006040080900500
  6.70 400000008090500106030609070103000690000010300620900000070300020050000000800000040
     ? 000002600108305007000090040000070800063020000090410000020004030034000500000007020
  6.26 000240690000000300000508010061000004000800000208090000507360000024900050000001060
     ? 800103000001200003000700200040000070290040001308900000002080300000005000500009806
  7.72 800010690050200000000080203000596700080000920001000040470600000900040000500000010
  5.73 070104000100008240009020036000001000000007003590000601004002000603000000020500800
  5.62 600000840004000109000000050000000972006005001708000004503900000001060000409370000
 10.82 100000000820070300000809004048030000070600500001000030000386000000500090060090408
     ? 600130870000009500040000003000000007200500001090006000062008000003002700180700090
  9.95 000010687000300000008007020060030800007940000009600010004800700020000900090701000
  6.64 000030800300000040000740016000002901028650007060300020000060000000000004510080700
  8.01 600020000000360005047009002004008709030000000590000600800000403000005000960072000
  7.04 850010000003005020000007300000000640506000080040089030300006017600920003000000000
  6.63 308000000000090084000050200009008000006000900800140027090002501000000040701605000
  8.50 000000590080135000004800000060240000009700800200300000000071402010000065600000070
  9.12 950003060820000079030000002005037000010840500000000803002006090500000000000920000
  6.04 500016400820000000007009200000708000600000005000620300490060510000001000050003006
  6.06 001034090000070023000000060000050740050060000708000005800900000540000010620740000
  7.80 000040007008600000009000100430006021500010040080007005064030000750002000000500900
  7.83 001053000000040095280090130000000952000000007008035000600701040002000003900000000
  7.09 000060900701280000009000041400300500102000000000805600000090000003400760008000034
     ? 096200080037500000000000120000402901005600000009003004000001000070020056000800200
     ? 000300000068007091015000030000000006041280000080000340100000500006801000000069070
  8.33 000000509002080000908000206000800600006030400790005000000008001039410000460900000
  7.81 023040500000500008900060000002039006300200400009400000081003070000780005000000040
  5.86 000004079207180000003060040100000080080020403005000000600005200000096005900070000
  4.91 690030050000000000003000006400000002200010000000908600001000005086004730500760084
  6.49 001000008200100009070059000050023080007690004000700100000007040040000890090030000
  7.98 003020007600009100004700030200508000907003400000000200700080061000400000061000009
     ? 050103080009050000002600000100034008090000006037000002000062051000900060020007000
  8.29 000100000050209006010370020200005000000000803500400010400703065000060070080000300
  6.10 600100400780200000100500723300004070090008000000300800030000100050000048000003006
  8.18 000025708009000000230600000102000900300000800640030002700902050000400300000050001
  7.43 900010500080030002041000000000003900460000003008270000000006184009000000820050060
  8.72 100000090904078000060090405000501000000020000080000302009603750400000009003000100
 10.72 000010090007206000390007000100600730000004050800000020058900004000000570060040010
  9.79 000420807080000030200000050003009070470003000005010000906504000007000005050870000
  5.44 200300007400090006000076510140000060002900000090000704000040000500002008000081030
     ? 900023600000400080070000005020096000080000904300008206207060000000500070001030000
     ? 050030060460000205000000008034810006000496000008050071000000093700000000000020500
  9.17 000104000890000020000089500040000006000700495300800700000401000700030000000200941
  7.38 046003000070000123100080000350000010000005009800060000005000400002009050090302006
  6.51 080000060000007200005008070140050000006000004709100030000805000060002800094070003
  6.93 076010000000520060308007000010000000063040200000030005005000600080760400001903000
  5.26 000000600200300040004508000009000000001083004000010309700095003000001080400000172
  6.08 050004000000010030608709040100506008069000003000000100040060507075030000000000090
  6.70 000000090200009045000470300008001004006300280070050000002000000910000000530640800
     ? 030006009670038052000000100250000007890060300000001000010000000006940070300000060
     ? 709032050043000010002400080000000002090000105000906000001005040070080300000060008
  9.12 004020000007309056001000300070401000000000000030600900000850000000010540015004079
  8.58 060000000007108090030095000081003920000076000200080030000000010950000004800000506
  5.43 020305008470060090000000203005700000007000000900030020000400002800900015560000800
  8.88 700000004000600000190050030004090001000740950030000600000005169070000023000010500
  4.76 000000509080609070005080402003007000000000300006400010090000008764001000020004700
     ? 030020600809000007052000040000006805100308000900000360300700000000800900008005020
  4.77 200000090039020060047580000450001800000050000000900015086004100900000000000003020
  9.14 000100709000070080200538000040000001700000020803014070070000304600000500000047000
  6.20 040000000900067000760080200206000001000050307009200600050001000001098000603040000
  6.17 008015049000300700020000000605020890010000000000070002090001000054006030700040005
  6.40 020000000006008053000030104005070008049000600000860001000007030090000870030054000
  9.47 900004000800000500025070003307010804009000000002700001000080010090600000410030070
  9.86 407030000000068100000507000130020900000700000040000065000010056080004020024000300
  5.71 070004050460000009020090001100600980008051004000300000000900820000003006003000100
  9.34 006000000920008004000006005050000000000050910000200060340600200185702000700400008
     ? 002030000000070000078205000100000000700600900600803050019060025500007800200000040
  6.24 038010060000300400090000200100049300000007500070200000000060080240780030700000040
  6.27 000006000001000420004529300040000500200000970080490000000000750703000060092700000
 10.04 000020078104000000600000020309060007006500000200300400000090000800073050090002031
 10.86 000100080000600107002070930009002000010000000036090245000000300900005400800400001
  6.12 300020700090005200050000403000000000072640030000097001805071000700000046000060000
  8.11 090000600020359004040000002104760020300200000000008015000470000002000000600000203
  9.47 086010500000460000107000000070600003049073002000090010000008040830000009090020000
 10.12 070100000000305208003090004050000000100050800000209050000802370008047002700000000
  8.16 000040007040050000100600020000004608009001000002008010050006030020090700003000184
  6.59 080300060700200000103000008300700020009000300008009004290000600500640030000050002
  8.50 200050060900200000051000308023000000006741000400000006064028001300000090000070000
  5.61 035006040200000005000970000000083000008000002007000510060409700004560000700021000
 11.08 002104900906000500000090002000308700100000400000709026030000000000500890605070000
  5.42 000005090040009000000030274350700081000060050692000400001004000000500020003000500
     ? 406000700039006041010800050000000000008700010607105000080000600003680004000040000
  8.56 060000780093000000000098000500004020009000600682000400038952000000700003050060000
  6.43 000405000000260045010000003005000086090000502070009000940308000007000000032700600
  6.16 300100400809070002260400000420080030000230000000050000000003050007000020580060009
  4.79 000403050000008000050000020007140006090020010080060000400000080623080000009070360
  6.69 905200070000600900000180000000000004326000080000000020500900100800040209004002803
  6.22 000020780003100000080009004000000400609080003035200000764900000000000006002001305
  6.14 102005000040000000000267005209410080070800003000073000000600000008000010000194300
  9.34 100006097000080200670004003300708000000000004800500020020000010401070009006030000
  6.40 078100009006702000300060200000000000000040600001270003002005100800000940004016000
     ? 000000090830070060019000300103040500000000902090025080904000030600400000000801000
 10.16 000034050008100000000000002009003870603070400400008900910300000000760000070040010
  7.70 000315000010040009350000020007002580000008900003000001402080000080500000600020007
  8.14 930020000004008100000000004000060002008900000060003800810096700000405609000700080
 11.07 100007800053008004020009000000725001000900000090000030800070006070590000500010020
 10.80 003105000096000000510000040000900807009008016060530000000000460000000703400800100
  6.91 005004003103069008000008000000072500040000900060500704030805000900200070001000000
  8.23 100000000050190000002006003200000000460512070000080900000009000700030502005600780
  5.06 000000000030507208400020100000000730070085096001400000000702000000006502640000007
  5.41 450000609200100000076000003007004000540006010000930706000002000920800000600000004
  8.12 000000060003007000402098000090501030050000702080000000600800974000009020001020800
  5.34 000203500000090000098000000207100800000060001500709000080020070043001020900006005
  6.98 100200007000000301038009040206500010000020008000930000800000060000070400945010000
  7.89 040020000708000063000000000100907608000003014300050000007002400000500000050190807
  5.38 004000000200008710010530002000040000092000801300050000900000070700902180080000040
  9.58 000100740060047000020080000100000080200806501057002000000000013003064008400000000
  9.91 600045708009020000004006003000700000490000001006000800060000004000910650072000300
  6.35 008402067007300090040500020004000008050007100300690000000003084000700300600000000
  6.14 050000460000200000083090100000000000000900876309800020006000200070401000810052000
  7.60 000000508050002040001068000120000000000000705900020030000003000003601009019000374
  6.21 004100890908020700005600300000206000600003000012400000050000400000091000000300107
  5.38 090020050020670090600400000002500300007018000030000000950001000040000009000050748
 11.32 530000000400009050006780200005000900000000310800004007700060002000420600609800000
  9.61 800000000000050200309000050040070006000812030207400000000000500000761000006380401
     ? 034250000007108000000004105406000900010086500000501000090000280000020000000000037
     ? 000100000203600150060090240000000980402000000750000010020070000007050004090004800
     ? 700120600000005072020009300000090700030070000400060018009010000000007040806003000
  5.33 400000078000080915006000020000090000500016800300000041000800230000071509600000000
  7.06 702000800000500000300789106000900003600270540000400000090010000000000307050300002
  9.68 005030000100000020300009014010800053470010900000097000000400072840000100000002000
  8.06 005004060200006503000079100340200006000090008000000000052000409008001000069000030
  6.28 700034000010000030050000200000000004000008007040290085600800402901400800300000010
  7.61 005100006000300008910000000008001040030060070050020003004000200000070580096085000
  5.74 050400800600070001000090300005800490080300600060200005700603010940000000000080000
  9.28 000013090078200005090008410000390007200000000030067820000800000029000000040000050
  5.80 020004090050000028004000000000500067006810300080003000008092500700000000060001043
 11.72 930005400500060092700000100000100000106890300000600050400030008001000000070020600
  6.43 050000340043000200600090708000001000100009460360005800000400002000207000708000000
  4.78 500000080084060100070002500200100800000000003009036000020741008900000000013080000
  7.29 230040090070308020000000005706400000385000070000200060800007000060010500010900000
  7.97 080004050020000003060030200000081790009003002200006000040000000500700630073800000
  6.67 001035000200008040600000210000017800010300000006000500000000003900021600045090070
