 13.15 756030400000006031321008060093500000500010009000009150060800314810600000005020876
 15.60 020468309009005070800900200004027000900854007000390500007009005090500700405782010
 13.24 651700004000056003002009060076000000180605072000000310060900800900860000700003649
 13.78 600003004097402000002009070209301080080090010060208403040900800000804230500100009
 13.66 670400003251030608304010075000000400960040057007000000740080506506020781800006034
 13.11 021500804000010020050200030985607040210000079060301258030002060090060000602005910
 13.29 003602500000751009600300010290130070105070204070025093020003001500217000001509700
 13.63 706840201008001000001600008807504102000010000403209507500006300000100900109052806
 13.53 000002760060107040300400025720000086401060203950000017670003004090604030034200000
 14.10 608019042200400800090000065100007400000201000007800009810000020005003001760150904
 14.17 840500300000009487000400009078941063000060000690328740700003000984600000003004078
 13.35 200070008057009020048000700005810060070060080080092400009000230030200890800030005
 13.25 600920400007100000400086005780000502200090003503000014900430001000009200005017009
 14.95 021503809009208650800009001400000130103050206068000004900100005014905700502406910
 14.04 000000004000210607806743129005607001900050006600301500137982405504036000200000000
 15.14 080904060900060000436800000020000306060128070508000020000007892000030007040609030
 13.25 001050000000700408406080005260075100005000700008390054600030802503002000000040500
 14.39 003040906650900100008650020020800000501304702000002010060085200005006094402030600
 14.88 008100006000906120120008509089300005300509002200004390802700053031605000400003600
 13.58 620400005000007000947000030879004500103895207002300981090000356000900000200003094
 14.59 720900340309016500050003009013600004060000030200001650100700060005160702078002013
 15.31 190500080083109050200860093030285000000000000000316040940021008010408920020003071
 13.62 701900000349000028050000109035607890010000030078301250103000060590000782000008903
 13.29 000000007003090250005008169001200690500947002029006700917600500058070900300000000
 14.21 608549013300007060040600000080004900100895007004300080000002050050900002260758104
 13.61 104020005000000040005060309007085003356040182800310700901070500030000000500030401
