 16.07 006020000000901306730000051903200600060010080008005109640000012305102000000080500
 17.69 000400008283000004006038900108074200030105040004890701005980600300000487800006000
 15.81 100068500000302160000041009507080200000205000009010805300120000095806000001590008
 15.42 000045006000670100006908400760083004910764052200590087002407800009026000600850000
 15.66 080107320000030000623000041310800970000000000076009082940000216000090000037601090
 15.13 000205000015030080000070653107650030053090160060012504572080000080020790000703000
 15.32 049000615803006400076010008004805000000102000000603500400020950002500104135000820
 16.71 100060000420000007903008105000051700506937802001480000604800901700000056000040008
 15.34 032080050009040206054700080000000040421070365080000000040001630206050800090060520
 15.24 001200394900400000700000600087600509105893702409007860004000005000004006876009400
 15.69 801006907072010003063704100000000001210090076700000000007409310100080760308600504
 15.17 080002500002500086005308472000006030503080607060700000654803700290004300001200060
 15.28 073008046080400100500001000000592730030746080057183000000800009008009010790600820
 15.28 901007026530064007607200005053100000000020000000003570300002804200480053870300209
 16.69 620980031000370020800000709900008003040231090200500007309000005080053000560097082
 15.83 007350420093024050050000000018065040900040005020130760000000030040570680082013500
 16.76 300605024050930016000020350040002080700503001030400060073050000520019070680207005
 16.06 060100043910300020300000901150003007023050410700600058201000004030004072470005030
 15.69 450809000007004000300021047000706080106040705070205000230190008000600400000402079
 17.16 008703090000820706700009020082695370000438000035172680090300008806057000050206900
 15.08 038060492400000010027000300009306000070298040000501900003000150010000008785010230
 15.50 240810007007263400100000520000178000400529001000436000032000004004357100700042083
 16.58 602010000000008060058470900080007100790060085003800070009035210030100000000090508
 15.12 000900200165203079020000136500607300370000025006305007659000040410809562002006000
 15.51 007109050180000009005820000010574930050090040093216080000081600800000093060703800
 15.84 000000000640000570715800690903054710054010930076930405037005169091000057000000000
 15.39 300007904200904070947300060000500009189070345500003000050009137030701008701800006
 15.62 000500602025006031600000590001270365050631040376054100097000006530700910102005000
 16.26 300860000002745903000010000900274500140080027007153004000090000503428700000037002
 15.01 105007046700000000400508900901800700630010059007006103006209001000000002270100608
 15.61 000540000000760503750008041007123004400070002200694100540300086108052000000086000
 15.61 300000020080370600207048005708053060010000050030620708800430206003069080020000009
 16.60 318700020400008137070001000000406000041080560000509000000100040123800006050007812
 17.22 300795024090608170000000000050006001741080569600500080000000000023801090960357002
 15.42 720000950540609201100000040050003000010254090000900020030000004401502039075000062
