 12.33 310068090007900058900500000008040962050396080769010500000009005590007300070650019
 12.69 300000007090010030000703500871456903900080005504139678006901000050040060200000009
 13.70 800149005021006804600820090500000080060981050010000006080092007209300610700618009
 12.26 000000684420600001000401230001700002570396048600002700093104000100007026768000000
 12.21 003180042000050810100300950807040030020000070040070508015008004038010000670035200
 12.87 100005069629000700400907312700693000240518076000472001374106005002000147910700003
 13.53 037200050005080607460000010070008001803521906600700080080000065704060100050003720
 12.70 005000008004970620000000407537126849000354000462789315608000000053067200200000500
 12.04 930410050205006000060900300102690030073521640090034201001009060000200103050043028
 12.79 005807000600009305010500008061080902200701006708020430100003050803900007000108200
