 12.88 000034800001000705904500300807043051400218007610970408008009104109000500006450000
 13.63 750490023208653001030072060000726050000040000020189000060530010500217306170068045
 14.94 200805900400670080078390000005219000910704058000586100000067820020053009009108005
 13.15 200080906006070805009000270010060709908715403705030020072000300601020500503090002
 12.46 308602041020140090000090600846201003030060010500904826009020000080017060160409205
 12.80 390050020007049008015020790009071050100000007050930800073090180500710300060080075
 12.43 040981070010300004000470000460508900153794862002603057000059000900007080070836040
 12.23 020031846000000100003400070006918527002060900159247600090004300004000000231870060
 12.35 400506000080140500000030701890205673165070429372409015708050000001084050000701004
 14.93 008007006306809010009260380002000069030618070160000800023084700090306408400100600
